54.573986 11.396450 52.128290 0.148211 
54.625473 11.780434 51.759281 0.000542 
55.062955 11.665288 51.508706 0.006245 
55.490656 11.549421 51.280625 0.111493 
55.734971 11.608753 50.924816 0.330720 
55.880108 11.743447 50.693141 0.153780 
55.956649 11.926161 50.462709 0.004890 
55.980660 12.180803 50.077250 0.005202 
55.971991 12.487863 49.668502 0.028055 
56.484341 12.226184 49.453510 0.052242 
56.724142 12.229558 49.051454 0.173305 
56.829795 12.255704 48.622857 0.277626 
57.022445 12.478137 48.321945 0.132851 
57.110123 12.790835 47.934880 0.060582 
57.045472 13.266914 47.471906 0.003963 
57.398430 13.198993 47.156287 0.046860 
57.704564 13.095131 46.872810 0.285056 
57.942708 13.312619 46.674525 0.217432 
58.094854 13.623822 46.465751 0.057755 
58.161995 13.894639 46.154169 0.013498 
58.117623 14.232732 45.736707 0.000490 
58.089615 14.524662 45.324912 0.000130 
58.484764 14.224311 45.081816 0.210373 
58.543868 14.116739 44.656749 0.455241 
58.764717 14.478426 44.433527 0.177511 
58.885495 14.781617 44.072079 0.127047 
58.912646 15.086651 43.662613 0.104533 
58.783993 15.516313 43.183405 0.041897 
58.888677 15.534299 42.786236 0.094889 
59.132516 15.509316 42.539863 0.315962 
59.412365 15.970496 42.410193 0.167382 
59.516979 16.316726 42.175987 0.070624 
59.476401 16.625775 41.820679 0.038288 
59.356339 16.929650 41.389880 0.015924 
59.302550 17.110108 41.003495 0.038589 
59.442874 16.823573 40.703409 0.418017 
59.525003 16.901358 40.424019 0.407961 
59.742898 17.364559 40.183454 0.225800 
59.766995 17.688675 39.806996 0.175174 
59.712599 17.993853 39.387026 0.140674 
59.538046 18.388628 38.893136 0.057572 
59.490202 18.358430 38.451562 0.132881 
59.529222 18.399390 38.159987 0.402060 
59.800252 18.987782 38.040039 0.229212 
59.815603 19.348788 37.782908 0.141458 
59.728111 19.637200 37.428598 0.083592 
59.541237 19.956488 36.975604 0.026876 
59.450249 20.079959 36.618518 0.074758 
59.397649 19.850407 36.294738 0.522500 
59.362019 19.911317 35.983779 0.619716 
59.542601 20.452838 35.769938 0.310172 
59.512711 20.779968 35.391705 0.261114 
59.432022 21.062955 34.982018 0.209788 
59.273704 21.329050 34.521462 0.146628 
59.097135 21.493563 34.013715 0.081715 
58.837616 21.304864 33.583294 0.381822 
58.872203 21.728231 33.320377 0.430490 
58.984662 22.322657 33.135777 0.231724 
58.900224 22.635759 32.828573 0.148585 
58.718452 22.862466 32.432452 0.077806 
58.555920 23.007343 32.050734 0.082770 
58.395486 23.005912 31.759322 0.337293 
58.129665 22.859896 31.371591 0.802513 
58.001489 23.045103 31.027418 0.699034 
58.124467 23.634958 30.805723 0.342351 
58.043705 23.940619 30.422810 0.238900 
57.901590 24.116804 29.982246 0.146743 
57.777821 24.190278 29.511566 0.069235 
57.527349 24.294846 29.143183 0.165285 
57.084940 24.162366 28.674366 0.453936 
57.005710 24.520836 28.328660 0.451384 
57.075992 25.038554 28.084776 0.162725 
56.937550 25.188874 27.736089 0.062484 
56.658136 25.362812 27.480275 0.180544 
56.367040 25.452644 27.195369 0.438174 
56.080651 25.442070 26.813103 0.653252 
55.678065 25.211887 26.285087 1.061673 
55.737024 25.652437 26.096199 0.454400 
55.794653 25.986470 25.799874 0.144223 
55.743127 25.994805 25.339648 0.029183 
55.402241 26.047629 25.040595 0.193280 
55.140006 26.205157 24.712607 0.262039 
54.841945 26.239834 24.258508 0.445934 
54.419403 26.031093 23.685338 0.834818 
54.665792 26.729918 23.597220 0.179910 
54.506583 26.655347 23.222117 0.037220 
54.043864 26.823557 22.941533 0.188753 
53.663776 26.908563 22.634516 0.468240 
53.381817 26.841726 22.248722 0.658644 
53.044695 26.641112 21.742850 1.089173 
52.954907 26.767038 21.504293 0.603420 
53.006168 26.941611 21.267457 0.127304 
53.113935 26.730596 20.798190 0.001186 
52.643323 26.548685 20.317173 0.223485 
52.472765 26.610623 20.028340 0.220083 
51.926513 26.950235 19.752777 0.851537 
51.507404 27.011147 19.234529 1.852515 
51.560810 27.228855 19.161431 0.390379 
51.549750 26.925126 18.770299 0.063940 
50.998827 27.142208 18.497589 0.302907 
50.652840 27.117486 18.162990 0.617298 
50.433963 26.940894 17.713776 0.903298 
50.226843 26.773610 17.300165 1.076022 
50.161917 26.784581 17.152507 0.318176 
50.167636 26.622184 16.817152 0.036842 
50.353660 26.181031 16.312072 0.051600 
50.096263 26.080863 15.897930 0.000558 
50.164191 25.747434 15.371784 0.041207 
49.322105 26.248952 15.001757 1.136796 
48.870740 26.576445 15.031696 0.737922 
48.692637 26.396404 14.737776 0.326559 
48.801429 25.899526 14.295098 0.027107 
48.176968 26.176913 14.020498 0.459798 
47.942293 26.075250 13.651661 0.932930 
47.848501 25.869336 13.183348 1.390752 
47.670392 25.665134 13.026739 0.535445 
47.597974 25.436537 12.760819 0.142318 
47.651221 25.113832 12.348724 0.002295 
47.779600 24.701191 11.874967 0.042216 
47.736655 24.476816 11.415165 0.023311 
47.775528 24.317220 10.780388 0.009249 
46.925673 24.918211 10.847031 0.688832 
46.569723 24.779909 10.635022 0.474773 
46.418097 24.481723 10.294276 0.240295 
46.626562 23.932313 9.775903 0.009394 
46.008525 24.260169 9.567759 0.639751 
45.969930 24.118659 9.118160 1.208541 
45.914362 23.870489 8.723320 1.374885 
45.635186 23.553972 8.603123 0.680856 
45.440589 23.381251 8.414996 0.637044 
