44.976500 34.823958 53.069407 2.067871 
45.095782 34.842355 52.524854 1.766762 
45.068762 33.989532 52.159768 1.327652 
45.006159 33.914709 51.838465 1.208000 
44.943162 33.842918 51.473925 0.920956 
45.042663 33.149126 51.252500 0.456435 
44.797952 32.984390 50.834034 0.394808 
44.673176 32.835461 50.467133 0.233094 
44.546202 32.530740 50.180090 0.470214 
44.356791 32.154525 49.804555 0.505160 
44.173827 32.067668 49.571430 0.412753 
44.050116 31.908986 49.241114 0.586778 
44.104568 31.711114 49.019080 0.254556 
44.095958 31.275255 48.641481 0.500627 
43.970920 31.134135 48.371137 0.131115 
43.909919 31.045839 48.036665 0.453678 
43.598802 30.506648 47.742674 0.734985 
43.593605 30.220513 47.556164 0.739458 
43.533250 30.127346 47.079743 1.636397 
43.531572 29.976160 46.795633 2.210455 
43.527312 29.685860 46.652835 2.481114 
43.462482 29.472492 46.377302 1.978784 
43.757499 29.165344 45.981022 0.934346 
43.690991 28.813609 45.568010 0.503009 
43.567133 28.506650 45.372144 0.797014 
43.622824 28.163410 45.192042 0.491326 
43.680294 27.802951 44.816152 0.807843 
43.619815 27.716367 44.623177 1.205763 
43.616048 27.443077 44.397317 0.676593 
43.676290 27.373050 44.257300 0.854534 
43.794308 27.107771 44.079393 0.542092 
43.975339 26.897513 43.845301 1.043001 
44.092147 26.650456 43.305763 0.250801 
44.212239 26.366791 43.118268 0.463893 
44.272070 26.153134 42.885011 0.606974 
44.392332 26.021828 42.703095 0.617769 
44.330821 25.805486 42.377298 0.500079 
44.451348 25.526019 42.146040 0.636618 
44.753193 25.192809 41.921413 0.778474 
45.114804 24.803749 41.703495 0.600576 
45.054178 24.730867 41.471132 0.487295 
45.173469 24.619620 41.020078 0.129677 
45.354697 24.422565 40.840558 0.128434 
45.296199 24.047763 40.553641 0.286179 
45.356376 23.986611 40.330300 0.217489 
45.357854 23.964945 40.136032 0.727668 
45.540411 23.755445 39.868602 1.125344 
45.842680 23.434316 39.534716 0.846226 
45.783128 23.353157 39.182875 0.980385 
46.027051 23.073121 39.046397 1.566169 
46.269814 22.808777 38.800176 1.574981 
46.388884 22.707164 38.481888 0.595891 
46.569684 22.529755 38.333550 0.195173 
46.811936 22.398917 38.006009 0.387730 
46.993784 22.206905 37.727618 0.284300 
47.237195 21.937938 37.526679 0.365077 
47.597441 21.844774 37.260192 0.140726 
47.778099 21.906050 36.968208 0.676544 
48.018815 22.033770 36.680738 2.056344 
48.260153 21.785957 36.404340 1.390296 
48.441501 21.597877 36.086556 1.053951 
48.679695 21.631769 35.851594 0.779445 
48.920130 21.516700 35.411043 0.660917 
48.978153 21.496172 35.015604 0.034789 
49.160171 21.298260 34.856749 0.030875 
49.161015 21.285880 34.603559 0.130548 
49.459857 21.248653 34.337780 0.086778 
49.762770 20.924921 34.227741 0.032530 
49.997650 21.109519 34.037831 0.001015 
50.238163 20.982795 33.839598 0.002619 
50.358279 20.875442 33.602233 0.076126 
50.538277 20.813767 33.239744 0.026513 
50.894779 20.842538 33.053841 0.005081 
51.013534 20.853856 32.893961 0.003296 
51.013516 20.859671 32.606197 0.013036 
51.189439 20.967675 32.414915 0.110130 
51.308627 20.972092 32.047306 0.046715 
51.429457 20.846997 31.769841 0.090334 
51.661180 21.169832 31.540389 0.162673 
52.060628 21.021100 31.273618 0.232970 
52.173783 21.025222 30.945491 0.083153 
52.452584 21.002442 30.633788 0.076393 
52.792520 21.192592 30.409996 0.050131 
53.061250 21.038635 30.092431 0.048540 
53.168882 20.940813 29.896506 0.220172 
53.966493 21.599969 29.371922 0.027663 
53.970466 21.534479 28.986632 0.354924 
54.087412 21.667080 28.783836 0.768752 
54.313940 21.847059 28.676586 0.684070 
54.687270 21.609336 28.085977 0.179819 
54.856707 21.696210 27.975521 0.288770 
55.021316 21.668985 27.740559 0.149443 
55.138004 21.801021 27.458909 0.446382 
55.522382 21.854968 27.170415 0.002136 
55.701411 22.171066 27.043655 0.454062 
56.087631 22.178836 26.662650 0.302072 
56.148162 22.423836 26.267118 0.078698 
56.264102 22.562443 26.106927 0.231016 
56.378878 22.731121 25.793198 0.142369 
56.667548 23.101268 25.481063 0.393252 
56.719606 23.080719 25.130877 0.058096 
56.727955 23.369774 24.889842 0.020468 
56.727686 23.377795 24.850430 0.004248 
57.016629 23.747686 24.538957 0.100651 
57.132555 23.908662 24.022599 0.094256 
57.135995 24.086228 23.744881 0.002678 
57.250759 24.259413 23.584268 0.036922 
57.313550 24.475611 23.329876 0.025735 
57.544175 24.806978 22.913985 0.082151 
57.661218 24.938420 22.537907 0.000331 
57.777499 25.086275 22.243632 0.008055 
57.953927 25.267136 21.742697 0.393204 
57.958962 25.424388 21.396598 0.227043 
58.078679 25.745062 21.277510 0.072279 
58.368988 26.115572 20.955133 0.253105 
58.427668 26.184647 20.743145 0.360489 
58.269485 26.401273 20.559523 0.084358 
58.385667 26.569218 20.183672 0.048599 
58.449509 26.794786 19.886703 0.029535 
58.571939 27.077774 19.681795 0.095114 
58.630134 27.164172 19.460297 0.065089 
58.589930 27.362115 19.232594 0.049812 
58.487039 27.467565 18.902631 0.135807 
58.382611 27.615025 18.582451 0.023671 
58.338144 27.787343 18.300892 0.159343 
58.513995 27.996977 18.128459 0.410239 
58.515049 27.994106 17.761601 0.460702 
58.483985 28.437299 17.392064 0.973217 
58.333967 28.636394 16.976838 0.630750 
58.458650 28.923319 16.531036 0.807472 
58.302655 29.130851 16.298909 0.474796 
58.477665 29.404248 15.959207 0.170758 
58.544068 29.594638 15.869885 0.415683 
58.544863 29.582240 15.729538 0.562270 
58.729202 29.925293 15.468016 1.064210 
58.458884 30.285329 15.141788 0.464302 
58.345036 30.612138 14.828209 0.104864 
58.175679 30.958679 14.499575 0.115765 
58.118857 31.043599 14.133730 0.046852 
58.124245 31.301905 13.764328 0.247296 
57.957479 31.589148 13.374957 0.942840 
57.786324 31.804652 13.092606 0.749224 
57.614994 32.021130 12.902190 0.561815 
57.615962 32.017298 12.534099 0.629567 
57.446345 32.195729 12.104529 0.951495 
57.331930 32.133692 11.898280 1.838042 
57.159859 32.169312 11.466185 2.274535 
57.102149 32.267467 11.240366 1.639173 
56.873366 32.570778 10.866515 1.046157 
