76.817079 12.699279 53.997138 0.080630 
76.719184 12.539504 53.599396 0.145206 
76.397060 12.501057 53.195352 0.435768 
76.166888 12.772210 52.882796 0.600705 
75.994209 12.986102 52.486971 0.291390 
75.994767 12.989029 52.356117 0.209519 
75.810096 13.476483 51.909543 0.731583 
75.754185 13.557095 51.384785 0.283100 
75.523296 13.830708 51.204015 0.309711 
75.360001 13.875297 50.844085 0.862209 
75.302337 13.953533 50.625843 0.461796 
75.130125 14.154970 50.400808 0.625556 
74.907174 14.284362 50.000075 0.534270 
74.780196 14.710978 49.688130 0.742083 
74.834121 14.778294 49.465973 1.302245 
74.720763 14.910358 49.153494 1.573307 
74.489770 15.201633 48.756571 0.729477 
74.202553 15.549916 48.310444 0.526957 
74.087708 15.698085 48.002099 0.238528 
73.973082 15.838383 47.779578 0.178474 
73.918186 15.897949 47.422314 0.388514 
73.687573 16.170278 47.327815 0.421245 
73.574861 16.301655 46.925683 0.593405 
73.293957 16.494624 46.563729 0.650697 
73.016973 16.558799 46.206286 0.229763 
72.995830 17.145277 46.030464 0.286268 
72.773270 17.265391 45.623762 0.433674 
72.496724 17.320816 45.263047 0.258911 
72.440430 17.393232 44.952492 0.198351 
72.216085 17.527719 44.593322 0.091242 
71.939772 17.573790 44.228940 0.108565 
71.825271 17.709304 44.047884 0.124424 
71.333718 17.581923 43.539794 0.215394 
71.167532 17.628105 43.264428 0.440721 
70.768740 17.960582 42.941036 0.392644 
70.562047 18.048332 42.706826 0.841792 
70.405335 17.951499 42.433409 0.859379 
70.295926 18.100931 41.990139 0.376627 
70.192100 18.238877 41.679146 0.144409 
69.820493 18.252905 41.218673 0.170381 
69.664101 18.447114 41.033486 0.066045 
69.612073 18.371863 40.737430 0.046577 
69.187288 18.288587 40.321981 0.272611 
68.924165 18.323058 40.063332 0.160486 
68.708880 18.296749 39.585470 0.148611 
68.551437 18.189883 39.329725 0.295854 
67.966733 18.295390 38.975305 0.563708 
67.808479 18.198524 38.636438 0.583090 
67.595937 18.034665 38.216521 0.375792 
67.437779 17.938427 37.801012 0.385924 
67.168894 18.107925 37.542651 0.444820 
66.955696 17.945366 37.126259 0.256223 
66.580274 18.254228 36.741434 0.105817 
66.473207 18.091593 36.612804 0.157177 
66.420340 18.012925 36.358143 0.163419 
66.149795 17.886113 35.971580 0.445865 
65.830831 17.831945 35.541696 0.477016 
65.616652 17.815492 35.246901 0.208312 
65.289234 17.637045 34.861503 0.137506 
65.128421 17.704348 34.610897 0.006392 
64.968716 17.747506 34.436326 0.007750 
64.755881 17.552682 33.968995 0.120704 
64.591069 17.442945 33.581233 0.363567 
64.428146 17.380880 33.289822 0.039360 
64.105512 17.188714 32.939723 0.040970 
63.943257 17.113789 32.646010 0.001601 
63.728196 16.932780 32.340105 0.001765 
63.509223 16.882307 31.950786 0.095912 
63.243535 16.725279 31.431973 0.666556 
62.972491 16.487301 31.001320 0.419190 
62.916987 16.431015 30.877315 0.158986 
62.640015 16.331663 30.739223 0.098518 
62.427331 16.411210 30.264860 0.361271 
62.046247 16.012256 29.948906 0.229437 
61.938838 15.847854 29.568644 0.322132 
61.714546 15.842224 29.431776 0.103060 
61.552678 15.738389 29.131048 0.169527 
61.498841 15.812582 28.794086 0.077340 
61.227299 15.409685 28.440590 0.156706 
61.176511 15.291791 28.057589 0.671953 
60.904839 15.040304 27.620196 0.653398 
60.686876 14.728765 27.353852 0.618801 
60.686699 14.461640 27.061531 0.449471 
60.745833 14.158545 26.607985 0.055737 
60.748415 14.132818 26.312844 0.253062 
60.585049 13.908916 26.009989 0.154701 
60.314006 13.513242 25.609799 0.189522 
60.260468 13.298074 25.358223 0.171307 
60.098487 13.064958 24.843404 0.161889 
60.207914 12.961110 24.596018 0.053602 
60.100171 12.797845 24.381029 0.088959 
59.721907 12.231518 23.969189 0.225500 
59.668080 12.160881 23.590666 0.165537 
59.506772 11.792555 23.160543 0.126923 
59.508000 11.783310 22.944522 0.199291 
59.459556 11.468671 22.654639 0.000054 
59.352995 11.171625 22.415351 0.000062 
59.354568 11.154710 22.244280 0.028205 
59.196048 10.645239 21.660608 0.019916 
59.198542 10.512449 21.132985 0.008412 
59.146496 10.531425 20.850781 0.224619 
59.037676 10.280637 20.477347 0.005828 
59.096865 10.305171 19.973039 0.312088 
59.158628 10.248353 19.748632 0.215208 
59.325561 10.078788 19.531301 0.120601 
59.179416 9.273691 18.961984 0.164337 
59.127855 9.060096 18.772823 0.138916 
59.130616 8.923004 18.496500 0.126727 
59.361152 8.687115 18.099961 0.052646 
59.256444 8.396975 17.814069 0.034075 
59.369256 8.287402 17.317483 0.007154 
59.266156 7.975961 17.121896 0.046776 
59.324698 7.893833 16.848999 0.153420 
59.335157 7.739222 16.526410 0.214020 
59.394107 7.656411 16.161701 0.409471 
59.738097 7.301677 15.773997 0.233965 
59.906965 7.133089 15.465490 0.132152 
59.853606 7.067304 15.139524 0.071091 
60.034504 6.722096 14.783240 0.150530 
60.037369 6.698266 14.414703 0.331615 
60.165169 6.276545 14.145644 0.461106 
60.167638 6.162870 13.778257 0.229174 
60.226763 6.079181 13.506007 0.423475 
60.340527 5.959172 13.239078 0.396344 
60.137975 5.446887 12.939723 1.179742 
60.312106 5.295918 12.632943 0.608630 
60.540303 5.044854 12.420753 0.672064 
60.824910 4.811488 12.170099 0.046664 
61.119310 4.469556 11.595137 0.179549 
61.185506 4.224437 11.138615 0.555390 
61.247978 4.181819 10.684883 0.308912 
61.582570 4.167877 10.300274 1.026989 
61.749632 4.038218 9.948014 0.380521 
61.954280 3.800591 9.688948 0.560009 
61.963381 3.683378 9.505607 0.290957 
62.080972 3.679782 9.194739 0.399329 
62.231345 3.237397 9.021308 0.513397 
62.295718 3.170453 8.659414 0.494459 
62.369766 2.974609 8.343537 0.322080 
62.625301 2.696190 7.860288 0.353764 
62.691048 2.616246 7.452528 0.448679 
62.045012 1.259362 7.288383 0.000000 
