50.943394 10.577984 44.018579 373.513553 
50.968631 10.537363 43.873313 363.216489 
51.044286 10.585376 43.700213 355.115477 
51.089539 10.637478 43.380943 337.086915 
51.158647 10.672334 43.238808 327.029668 
51.168850 10.659376 43.104570 323.264246 
51.281035 10.772683 42.882698 312.389698 
51.326027 10.818083 42.594629 293.324238 
51.352385 10.796440 42.563649 295.547844 
51.377288 10.753721 42.353435 284.469851 
51.573394 10.948207 42.167675 271.863339 
51.596287 10.920486 42.038112 268.166554 
51.687258 10.957428 41.907840 264.548257 
51.755499 11.005062 41.696548 254.062779 
51.773986 10.964151 41.508644 242.386436 
51.899202 11.090738 41.356932 234.393445 
51.981890 11.127247 41.197420 227.089041 
52.090689 11.280791 41.070104 223.411553 
52.141993 11.349527 40.914489 215.937544 
52.194009 11.396339 40.566083 198.228071 
52.217919 11.371023 40.414240 196.328742 
52.261042 11.324043 40.345669 195.084976 
52.323408 11.371710 40.161074 184.608770 
52.511105 11.568262 40.008609 177.655214 
52.721274 11.728795 39.766954 165.824104 
52.887975 11.935369 39.524313 154.296047 
53.014388 12.059757 39.372632 147.916874 
53.096998 12.089453 39.166123 139.907254 
53.173433 12.124748 38.963942 131.901216 
53.232721 12.187252 38.790562 126.978890 
53.522965 12.529368 38.503696 114.737264 
53.520905 12.520563 38.326603 110.317246 
53.523408 12.494987 38.055392 102.191787 
53.578193 12.429475 37.935912 99.640288 
53.729216 12.516720 37.760194 91.909572 
53.849511 12.638329 37.574666 84.757444 
53.922397 12.688250 37.466656 81.878008 
53.928456 12.682151 37.384025 81.494155 
54.275134 13.090836 37.066992 69.563902 
54.342187 13.149186 36.945451 67.381890 
54.429084 13.199945 36.909868 68.611492 
54.538037 13.337197 36.701690 63.128748 
54.550089 13.321257 36.637133 62.237949 
54.610254 13.377653 36.403335 57.842820 
54.663042 13.421518 36.119589 49.639764 
54.773639 13.572098 36.070636 48.325742 
54.779377 13.559660 35.940933 46.743612 
54.962877 13.749051 35.685608 41.286250 
55.263231 14.073457 35.389157 33.775536 
55.342838 14.110640 35.240687 31.202359 
55.428685 14.141996 35.094957 28.887312 
55.730688 14.501097 35.048081 28.018085 
56.118804 15.017605 34.839191 23.348236 
56.130902 14.987371 34.624815 20.873105 
56.149213 14.954785 34.469374 19.154671 
56.315870 15.161077 34.240525 15.713279 
56.315949 15.151109 34.144120 14.584492 
56.328235 15.143593 34.110000 15.128110 
56.606559 15.493156 33.797657 10.896699 
56.842081 15.749423 33.482859 7.309102 
56.984631 15.843787 33.256054 5.356267 
57.219881 16.126724 33.104690 4.342913 
57.388427 16.323043 32.838781 2.483153 
57.500626 16.461561 32.701334 1.791885 
57.612237 16.612115 32.654511 1.582594 
57.916071 16.953098 32.458933 0.896560 
58.046647 17.071458 32.312021 0.509670 
58.052553 17.068678 32.289462 0.577802 
58.445965 17.560901 31.947350 0.003040 
58.504793 17.598217 31.680209 0.198774 
58.504562 17.603055 31.651748 0.151647 
58.505996 17.586961 31.495770 0.341920 
58.695325 17.753069 31.180819 1.363384 
58.982668 18.107169 31.015381 2.360488 
59.209734 18.379036 30.736004 4.088402 
59.341882 18.490199 30.537185 5.349801 
59.477696 18.617078 30.468286 5.512874 
59.703194 18.906807 30.341515 6.877093 
59.872176 19.126457 30.254539 7.845507 
60.047480 19.338522 30.085442 8.912919 
60.155280 19.484646 29.914618 10.099688 
60.212737 19.548917 29.821939 11.114061 
60.429771 19.828440 29.559278 14.873646 
60.591566 20.027530 29.304893 19.297661 
60.601177 19.992919 29.112762 21.932808 
60.712613 20.152228 29.097099 21.703451 
61.053340 20.580708 28.881226 26.107971 
61.171151 20.694488 28.581035 30.793591 
61.401689 20.959143 28.309981 36.637128 
61.632922 21.220798 28.052110 43.330875 
61.632824 21.221561 28.047732 43.217391 
61.749607 21.345773 27.858751 47.576401 
61.749686 21.346384 27.763834 47.310169 
62.009036 21.745085 27.691232 50.333345 
62.297593 22.081807 27.350958 58.272202 
62.300069 22.066337 27.244000 60.479746 
62.308265 22.015312 26.967557 68.172419 
62.371101 22.052082 26.737477 74.734401 
62.374138 22.033823 26.643689 77.684923 
62.659709 22.392803 26.452917 83.288022 
62.648938 22.401354 26.374512 83.940642 
62.857011 22.699661 26.136346 91.254528 
62.980598 22.977965 26.083969 93.352637 
63.213398 23.242899 25.882274 102.355029 
63.453804 23.518064 25.726499 106.969085 
63.420924 23.548332 25.587156 108.480594 
63.712773 23.877823 25.296821 120.546973 
63.838943 23.958654 24.970453 135.656775 
63.834320 23.959099 24.896884 136.672441 
63.840250 23.927196 24.751471 143.105699 
63.846979 23.891076 24.519848 150.094989 
63.904594 23.961573 24.454674 151.612324 
63.964318 24.020974 24.342509 155.460473 
64.092729 24.255350 24.019779 168.471435 
64.272104 24.434891 23.778340 180.798181 
64.226299 24.488099 23.774973 181.068081 
64.571311 24.919126 23.547929 189.819062 
64.663086 25.091855 23.493496 192.453306 
64.781606 25.217996 23.329406 199.264181 
64.850996 25.372267 23.037532 215.702521 
64.861677 25.362091 23.020998 214.631499 
64.921995 25.420152 22.908980 219.220518 
64.927540 25.391841 22.728962 225.308588 
64.924735 25.362402 22.514195 235.192351 
65.312336 25.880697 22.333383 248.339531 
65.304190 25.857085 22.118252 258.757863 
65.414417 25.963791 21.816674 276.315163 
65.381967 25.975850 21.659754 285.176046 
65.422424 26.028710 21.404942 300.341604 
65.401640 26.046009 21.338818 302.600487 
65.384802 26.043820 21.148467 309.346540 
65.432392 26.123657 21.095640 312.545642 
65.399713 26.156505 21.015515 314.048914 
