45.794922 28.053931 53.170357 0.858377 
45.795702 28.049068 52.704517 1.347892 
45.734671 27.974028 52.475195 1.189276 
45.735081 27.971399 52.057784 1.507655 
45.674452 27.893526 51.410723 1.675456 
45.674041 27.896409 51.090330 1.531117 
45.551923 27.746858 50.723073 1.177361 
45.610976 27.684421 50.311438 1.068775 
45.786655 27.207379 49.857825 0.756986 
45.603757 26.987849 49.123606 0.320057 
45.604782 26.977581 48.793052 0.767727 
45.723383 26.702955 48.702982 0.753387 
45.603745 26.536486 48.184003 1.410483 
45.722491 26.412316 47.914431 1.045698 
45.722097 26.415900 47.685776 0.910347 
45.720957 26.427117 47.092115 0.546388 
45.600900 25.969047 46.707851 1.243290 
45.540059 25.604045 46.242387 1.289091 
45.538485 25.620149 46.066548 0.615852 
45.839900 25.278724 45.466591 1.198823 
45.839100 25.286874 45.193601 0.879265 
45.839586 24.994979 44.588877 1.136628 
46.139269 24.679354 44.280493 0.628581 
46.199102 24.617835 43.960671 0.526948 
46.140783 24.382742 43.719839 1.013105 
46.321235 24.189643 43.403659 0.860032 
46.381164 24.128121 43.083826 0.738908 
46.621320 23.879046 42.773961 0.347265 
46.624072 23.710674 42.346365 1.157435 
46.685378 23.634351 42.066501 1.636865 
46.985181 23.463056 41.759522 1.028228 
47.104793 23.346232 41.538551 0.556413 
47.405635 23.292888 41.083296 0.933468 
47.526503 23.160408 40.717549 0.972622 
47.588345 23.077759 40.389813 1.650108 
47.707444 22.967078 40.217350 0.845317 
47.769003 22.887827 39.858781 1.335725 
48.191085 22.439747 39.578643 0.816819 
48.191262 22.438213 39.402620 0.878608 
48.373300 22.113241 38.809356 0.446854 
48.435915 22.020745 38.511586 1.209364 
48.736622 21.839048 38.234354 1.040690 
48.917976 21.645961 38.035166 0.870120 
49.099892 21.447210 37.709611 0.879978 
49.219637 21.336477 37.554907 0.367449 
49.219754 21.336131 37.388629 0.384105 
49.764229 20.763596 37.001231 0.064867 
49.765774 20.741098 36.828385 0.357799 
49.886179 20.625471 36.630485 0.123523 
49.946437 20.570273 36.303869 0.041902 
50.065554 20.581983 35.972732 0.049533 
50.005344 20.642030 35.843947 0.104205 
50.370149 20.239328 35.400431 0.154368 
50.549889 20.184138 35.076549 0.168849 
50.667709 20.213131 34.879649 0.032424 
50.845376 20.289522 34.553486 0.144396 
51.142024 19.977606 34.320459 0.037388 
51.254406 20.001339 34.037299 0.018084 
51.475824 19.905680 33.837204 0.004040 
51.755065 19.700314 33.299934 0.433696 
51.755280 19.699822 33.133986 0.450165 
51.917611 19.546447 32.981750 0.109197 
52.248371 19.325954 32.748872 0.101468 
52.474144 19.341448 32.383670 0.355565 
52.864433 19.341582 32.115980 0.282606 
53.200190 19.394850 31.885455 0.306190 
53.308984 19.281859 31.685123 0.220872 
53.532503 19.323490 31.326426 0.174669 
53.585624 19.290783 31.169120 0.008561 
53.698385 19.294542 30.923965 0.076287 
53.698666 19.294058 30.758798 0.083566 
54.140402 19.083745 30.325934 0.138377 
54.248959 18.977836 30.003284 0.045979 
54.307079 19.040632 29.838081 0.161083 
54.531391 19.060871 29.434461 0.357502 
54.916953 18.924155 29.167563 0.264357 
55.255974 19.251049 28.941773 0.331429 
55.364361 19.138530 28.742241 0.240831 
55.532837 19.232838 28.422823 0.276505 
55.701449 19.320005 28.225497 0.403064 
55.862953 19.163028 28.032056 0.142154 
55.918538 19.269896 27.794331 0.006228 
56.322590 19.621181 27.317164 0.436483 
56.487405 19.586893 27.035239 0.340713 
56.652563 19.544243 26.797576 0.352807 
56.819642 19.653933 26.481759 0.219004 
56.935218 19.783591 26.114065 0.581556 
57.209428 19.775012 25.969601 0.366689 
57.321748 19.953063 25.776547 0.159567 
57.645202 19.788064 25.435750 0.032584 
57.929774 20.149857 25.081722 0.022534 
57.988193 20.200997 24.870451 0.185600 
58.094714 20.105884 24.675290 0.033171 
58.208405 20.252045 24.558875 0.088002 
58.374715 20.363156 24.326809 0.027761 
58.537284 20.354295 24.096745 0.021905 
58.878191 20.784472 23.870098 0.072351 
59.040262 20.587495 23.546874 0.181166 
59.320789 20.819479 23.317920 0.417066 
59.592966 20.823703 22.953628 0.151957 
59.866000 20.801760 22.712462 0.141608 
60.201101 21.131259 22.478956 0.178079 
60.306918 21.031997 22.311154 0.050896 
60.152263 21.330520 22.044095 0.198006 
60.377631 21.672418 21.498604 0.051507 
60.547809 21.886340 21.427282 0.188704 
60.603132 21.993307 21.300867 0.035666 
60.603605 21.994513 21.127717 0.034193 
60.717278 22.151834 20.791122 0.041416 
61.000154 22.541490 20.469367 0.068936 
61.114656 22.687039 20.080686 0.148392 
61.173089 22.732489 19.942706 0.461531 
61.227764 22.860773 19.729479 0.069346 
61.395161 22.943449 19.330095 0.162860 
61.621502 23.252107 19.167757 0.224595 
61.905725 23.635806 18.645770 0.348328 
61.906392 23.634582 18.463309 0.367279 
62.137521 24.079173 18.211957 0.506438 
62.135869 24.132050 17.994580 0.080791 
62.135898 24.142139 17.859898 0.042788 
62.083654 24.211556 17.721734 0.019940 
62.370424 24.540835 17.326854 0.485536 
62.371114 24.539463 17.144445 0.508722 
62.487510 24.647480 16.872801 1.264475 
62.600286 24.833179 16.570799 0.835819 
62.599249 24.876133 16.305978 0.338329 
62.655604 24.985228 15.998839 0.127784 
62.660249 25.132222 15.866142 0.094660 
62.950818 25.650892 15.257308 0.219870 
62.955738 25.797919 15.124758 0.176344 
63.135216 26.336822 15.015765 0.070484 
63.365091 26.598238 14.846538 0.490825 
63.319613 26.813293 14.393918 0.368640 
63.379234 26.841763 14.207764 0.994175 
63.345167 27.307258 13.936554 1.256519 
63.059161 26.954971 13.778300 0.624084 
62.961942 27.229782 13.412803 0.492305 
63.025167 27.474876 12.926249 0.279522 
62.895032 28.193834 12.649764 0.504261 
62.952424 28.281951 12.521339 0.423844 
62.900900 28.363482 12.340110 0.254754 
62.902223 28.349087 12.109332 0.381514 
62.697156 28.749809 11.918478 0.293017 
62.600809 29.037360 11.601316 0.131950 
62.403873 29.392845 11.265914 0.323544 
62.526634 29.692400 10.963425 0.332517 
