58.456056 25.484919 53.588941 0.562463 
58.457280 25.482633 53.270751 0.758454 
58.350240 25.456308 52.855606 1.393744 
58.195715 25.630120 52.486938 1.976151 
58.154281 25.974312 51.996231 1.442871 
57.945814 26.225105 51.549114 0.807321 
57.739164 26.461085 51.135649 1.089042 
57.808752 26.818596 50.733231 1.028685 
57.549088 27.123540 50.460948 0.773726 
57.493261 27.038494 50.001975 1.216420 
57.390057 27.161002 49.594460 1.128717 
57.345899 27.348054 49.360249 1.876011 
57.313285 27.821101 48.998115 2.067458 
57.261340 27.887523 48.729844 1.664309 
57.211356 27.939174 48.361212 2.291884 
56.929199 28.270678 48.087093 1.918884 
56.698626 28.397856 47.632188 1.594553 
56.585209 28.677822 47.132971 1.554300 
56.414370 28.871247 46.626504 1.981039 
56.357005 28.941028 46.400379 1.814992 
56.127398 29.055908 45.982161 2.230364 
55.955922 29.249262 45.747538 2.642147 
55.897850 29.327500 45.435271 1.945020 
55.726831 29.520127 45.018415 2.396255 
55.497085 29.788041 44.786785 2.266300 
55.323768 30.007664 44.293987 1.268042 
55.152286 30.204756 43.924500 1.405124 
54.980721 30.406158 43.420697 1.369905 
54.809302 30.602961 43.050679 1.515434 
54.751380 30.682919 42.737722 1.004151 
54.636882 30.818991 42.417502 0.923749 
54.348660 31.003336 42.042481 1.045432 
53.992483 30.528809 41.887008 1.184712 
53.763489 30.785704 41.465487 1.570763 
53.590445 30.993050 41.282317 1.237149 
53.358276 31.125390 40.604485 0.903429 
53.008300 31.065034 40.308831 1.834375 
52.485129 31.375771 39.949587 1.667981 
52.369008 31.349130 39.585331 2.381616 
52.367779 31.372069 39.216678 1.432465 
52.249407 31.377310 38.794223 0.895834 
52.134244 31.511734 38.493740 0.870186 
51.841274 31.551450 38.150669 0.957588 
51.724460 31.527093 37.809693 1.397680 
51.427911 31.433662 37.387294 1.119823 
51.134139 31.473146 37.043128 1.219240 
50.724196 31.643862 36.776876 1.335220 
50.546344 31.729267 36.369942 0.516595 
50.370520 31.775629 36.069278 0.711199 
50.194242 31.827745 35.812435 0.775535 
49.835394 31.651613 35.423123 0.679917 
49.597651 31.631591 35.123331 0.601657 
49.476390 31.474462 34.700887 0.653031 
49.300964 31.693740 34.454507 0.283736 
49.182150 31.680235 34.115886 0.327328 
48.704610 31.454645 33.536564 1.059268 
48.523882 31.375123 33.115377 0.817102 
48.221899 31.121651 32.720351 1.004442 
48.100651 30.952385 32.457697 1.388296 
47.919761 30.867705 32.241489 1.231725 
47.861030 30.937579 31.865957 1.167343 
47.322427 30.971448 31.552372 0.760512 
47.198839 30.841394 31.303994 0.303399 
47.138574 30.743144 31.083613 0.662432 
46.954149 30.527737 30.452204 0.370651 
46.592058 30.332586 30.007099 0.641285 
46.470612 30.154256 29.447431 1.192113 
46.286867 29.919506 29.016263 1.229137 
45.920857 29.424273 28.562425 2.029868 
45.979925 29.541335 28.078140 0.989129 
45.796875 29.292854 27.724952 1.359079 
45.674750 29.128564 27.336348 1.610909 
45.430731 28.973704 26.905138 1.269956 
45.489511 28.922815 26.829070 0.921736 
45.306090 28.681261 26.435430 1.105085 
45.183197 28.531922 26.050716 0.974238 
44.937831 28.228653 25.740705 0.792791 
44.692851 27.918224 25.470112 0.759771 
44.753682 28.001924 25.266700 0.676650 
44.690147 27.629314 24.710171 0.824084 
44.566986 27.488102 24.284464 0.581245 
44.566869 27.485747 23.863447 0.650700 
44.382936 27.260997 23.640808 0.503540 
44.320604 27.205311 23.179351 0.246343 
44.136434 26.822243 22.866049 0.302500 
44.073690 26.455168 22.281347 0.332903 
44.013209 26.361690 22.098838 0.546371 
44.072606 26.005634 21.700089 0.586786 
44.010632 25.796327 21.471582 0.410560 
44.009292 25.523059 21.068902 0.252401 
43.886786 25.380099 20.658657 0.149472 
43.887631 25.354879 20.347774 0.418860 
43.766229 25.042745 19.980615 0.591293 
43.765981 25.044000 19.713737 0.587992 
43.885801 24.810466 19.363594 0.132669 
43.826820 24.273528 18.909913 0.385146 
43.887261 24.214900 18.488486 0.318854 
43.767606 23.755660 18.094791 0.497333 
43.889567 23.502136 17.823936 0.244863 
43.951732 23.161311 17.404512 0.140650 
44.012103 23.115521 17.224952 0.037726 
44.011506 23.123586 16.804170 0.019343 
43.773116 22.390222 16.495792 0.000753 
43.899078 22.186091 16.066156 0.467940 
43.897964 22.204593 15.694055 0.282105 
44.023416 22.019806 15.268895 1.004106 
44.084399 21.964391 15.134145 0.824970 
44.267452 21.798505 14.729952 0.392691 
44.333246 21.316502 14.214940 0.229941 
44.456519 21.183894 13.753334 0.240403 
44.581730 20.909801 13.290473 0.222787 
44.583636 20.767255 13.100957 0.209977 
44.587154 20.590884 12.764432 0.535534 
44.832883 20.361233 12.270891 0.193212 
44.955066 20.263073 11.956501 0.025726 
44.896888 20.151134 11.615406 0.199435 
45.208733 19.778419 11.160725 0.606579 
45.330388 19.691881 10.801230 0.168075 
45.636566 19.529520 10.453646 0.044708 
45.634049 19.585289 10.039670 0.047115 
45.701216 19.320846 9.986725 0.040386 
45.889506 19.077915 9.711691 0.296815 
46.013609 18.946394 9.439231 0.286612 
46.195175 19.007476 8.982627 0.592142 
46.379007 18.938533 8.479710 0.781574 
46.625862 18.700492 8.127078 0.444084 
