50.101442 8.893782 53.579565 0.147851 
50.143932 9.097855 53.307056 0.048152 
50.427681 8.923536 52.991970 0.016782 
50.753172 8.962659 52.678354 0.002437 
51.078626 9.113716 52.362152 0.116596 
51.193453 8.985145 51.949652 0.388791 
51.513065 9.013367 51.590131 0.404414 
51.899548 8.994581 51.326983 0.076219 
52.005963 9.004084 51.146291 0.079684 
52.294626 8.715888 50.699065 0.072430 
52.632611 8.612908 50.294268 0.029434 
52.742105 8.774400 50.024350 0.113464 
52.797046 8.851833 49.934433 0.108580 
52.907164 9.006994 49.571696 0.095263 
53.193137 8.829759 49.256112 0.001273 
53.703829 8.693601 48.903366 0.001203 
54.097774 8.677257 48.775983 0.003395 
54.373929 8.928940 48.373870 0.000024 
54.541639 9.014750 48.103313 0.036701 
54.713229 8.842178 47.881609 0.007640 
54.767979 8.919681 47.700820 0.005859 
55.270151 9.072464 47.216091 0.106170 
55.379761 9.223625 46.899784 0.045733 
55.600410 9.383508 46.676572 0.006083 
55.874925 9.516303 46.278937 0.126604 
56.046004 9.613248 45.921527 0.269641 
56.431203 9.867474 45.522156 0.045699 
56.542483 9.996022 45.247953 0.124169 
56.980811 10.215859 45.037792 0.010415 
57.098802 10.097805 44.587730 0.005422 
57.153184 10.184865 44.227350 0.055616 
57.261873 10.344800 44.004924 0.093585 
57.262272 10.345002 43.822839 0.089502 
57.534472 10.732908 43.469811 0.064524 
57.644169 10.878295 43.290485 0.002800 
57.917016 11.138278 42.939182 0.039845 
58.245358 11.338426 42.499105 0.120715 
58.362904 11.339011 42.046904 0.021759 
58.471194 11.504771 41.871720 0.094594 
58.800082 11.689458 41.475097 0.033965 
58.963102 11.811846 41.077814 0.373821 
59.182033 11.973616 40.903559 0.166029 
59.455710 12.334172 40.684041 0.008144 
59.565286 12.483781 40.461026 0.042084 
59.898519 12.680476 40.005826 0.000655 
60.170817 12.930216 39.841158 0.004362 
60.444852 13.029575 39.505959 0.084225 
60.500307 12.968986 39.254010 0.087345 
60.720052 13.262850 38.722092 0.354263 
60.773714 13.230063 38.357325 0.036597 
60.944349 13.311852 37.992284 0.094519 
61.109453 13.532250 37.495274 0.277839 
61.218142 13.687511 37.419332 0.299583 
61.320012 14.011468 37.012722 0.066709 
61.374335 14.099994 36.768274 0.015897 
61.489724 14.123541 36.277373 0.000804 
61.655067 14.336910 35.906729 0.077153 
61.764996 14.486486 35.621744 0.146043 
61.875674 14.628251 35.294701 0.345734 
61.923495 15.019943 34.932996 0.055991 
61.981954 15.346822 34.511469 0.403231 
61.874848 15.466662 34.261796 0.441284 
62.040528 15.685956 33.933595 0.761363 
62.091342 15.900092 33.645847 1.012901 
62.254491 16.159815 33.243660 0.514105 
62.093080 16.365811 32.742232 0.200012 
61.983517 16.906347 32.491941 0.278558 
61.984119 16.912152 32.199664 0.218652 
61.931578 16.984935 31.617083 0.120022 
62.042481 17.292255 31.379618 0.053936 
62.040407 17.573487 31.047224 0.087179 
61.933335 17.714526 30.671127 0.008154 
62.045117 17.854434 30.427343 0.087066 
62.103202 18.062087 30.137034 0.178082 
62.047006 18.258491 29.839973 0.301189 
61.942090 18.362217 29.583213 0.564564 
61.948551 19.046900 29.297660 0.914315 
61.952105 19.021563 28.752799 1.529023 
61.350894 19.798911 28.069588 0.056405 
61.407319 19.884068 27.702346 0.034537 
61.355491 20.089444 27.410875 0.027422 
61.524023 20.313671 27.125903 0.091409 
61.528824 20.418073 26.706614 0.472004 
61.528431 20.434244 26.541615 0.279742 
61.154586 20.840136 26.180726 0.616512 
61.151806 20.920438 25.700849 0.000026 
60.934707 21.164954 25.433585 0.004275 
60.997951 21.319833 25.135851 0.486357 
60.831022 21.572123 24.720998 0.009275 
60.729963 21.926864 24.170658 0.383197 
60.677628 21.993424 23.872872 0.327591 
60.519837 22.178699 23.486644 0.306075 
60.197401 22.542456 23.298830 0.386453 
60.145677 22.710211 22.860853 0.996180 
60.152223 22.820179 22.469153 1.635559 
59.935415 22.968869 22.149755 0.749949 
59.613296 23.341712 21.821592 0.722687 
59.672093 23.390564 21.692604 1.268151 
59.505428 23.642893 21.376813 0.310784 
59.509503 23.586859 20.940409 1.148798 
58.969184 24.253101 20.384221 0.441552 
58.696151 24.295186 20.185358 0.257328 
58.477071 24.371227 19.852225 0.654423 
58.478138 24.368663 19.485464 0.709193 
58.426747 24.424532 19.023489 0.800952 
58.264895 24.462763 18.644474 0.878618 
57.995762 24.773011 18.307625 0.874748 
57.833704 24.811039 17.928057 0.957089 
57.564064 25.122429 17.774480 0.922174 
57.454938 25.090895 17.441716 1.162410 
57.453531 25.141686 17.039234 0.443084 
57.340753 25.318353 16.721240 0.072699 
57.125240 25.426221 16.293350 0.057371 
56.958463 25.296162 16.041722 0.265010 
56.731544 25.274310 15.610849 0.211220 
56.076692 25.697313 15.281015 0.578962 
55.849999 25.511836 15.027531 0.707522 
55.796916 25.580723 14.887712 0.602365 
55.578436 25.733087 14.467139 0.148684 
55.178463 26.339017 14.075826 0.131382 
55.060291 26.238492 13.567932 0.004982 
55.004671 26.090650 13.270244 0.234127 
54.594615 25.551228 13.136544 0.148554 
54.070210 25.329459 12.422994 1.324292 
54.010405 25.285482 12.192337 0.783776 
54.010473 25.304216 11.640914 0.572166 
53.832151 25.522273 11.539602 0.393381 
53.360576 25.612443 10.942469 0.497064 
53.243695 25.575253 10.741478 0.814840 
53.242797 25.608302 10.423598 0.437752 
52.767586 25.760323 10.069066 0.069910 
52.590241 25.811281 9.774832 0.092672 
52.412464 25.592944 9.711793 0.028677 
