60.064186 34.832494 46.545562 0.002983 
59.951326 34.811677 46.174986 0.079543 
59.668064 34.848068 45.756917 0.185011 
59.433186 34.520346 45.603338 0.482545 
59.257406 34.284194 45.144614 0.542167 
59.144561 34.257496 44.815363 1.097653 
58.909908 33.942187 44.263191 1.196679 
58.793653 33.770342 44.023339 1.907995 
58.674750 33.631770 43.758612 1.087537 
58.560653 33.613828 43.525146 1.349505 
58.389886 33.671302 43.205091 1.249225 
58.327523 33.453245 43.159396 1.028352 
58.096306 33.267660 42.733407 1.751019 
57.743784 32.951206 42.633926 1.269339 
57.575391 33.152929 42.223012 1.224481 
57.457173 33.000690 41.993634 1.063215 
57.221064 32.681533 41.843903 1.234115 
57.162611 32.597502 41.702095 1.467593 
56.985722 32.361561 41.421373 1.498859 
56.929775 32.426543 41.146707 1.599301 
56.752256 32.196737 40.909656 1.374034 
56.636233 32.016672 40.624234 2.439825 
56.460608 31.763629 40.384328 3.415911 
56.342352 31.613771 40.041424 3.024404 
56.165188 31.381497 39.729685 2.856449 
56.390129 30.997746 39.457541 1.647747 
56.272788 30.838517 39.191219 1.758823 
56.210611 30.470752 39.008611 1.738982 
56.151661 30.401881 38.682240 1.406316 
56.034283 30.244562 38.430015 1.436657 
55.915418 29.942563 38.171964 1.452717 
55.737485 29.569028 37.872485 1.227999 
55.679239 29.484907 37.743835 1.429460 
55.909923 29.225597 37.467498 1.245702 
55.792118 28.918899 37.252678 1.411917 
55.731946 28.712609 36.958664 0.905441 
55.789047 28.351798 36.669205 1.049601 
55.904605 28.230501 36.431690 0.760630 
56.021873 28.085576 36.093998 1.114885 
55.904751 27.789905 35.718771 0.959493 
56.194393 27.471237 35.570673 0.629297 
56.020068 27.236681 35.227433 0.627748 
56.019497 27.254224 35.028283 0.323327 
56.020851 27.090474 34.810447 0.684048 
56.021658 26.795215 34.518538 0.816160 
56.022974 26.782385 34.263147 1.173290 
56.087962 26.701819 34.053336 1.406358 
56.083782 26.550139 33.718852 1.864539 
56.129244 26.378073 33.563774 1.062129 
56.334349 25.996008 33.446492 1.158010 
56.329810 25.719417 33.067018 0.992321 
56.487331 25.559323 32.708628 0.578826 
56.536083 25.348406 32.458073 0.846932 
56.636094 25.104627 32.217525 0.553634 
56.905867 24.805718 31.937498 0.427704 
56.854440 24.857127 31.561492 0.601877 
56.849709 24.719534 31.477534 0.584253 
56.902098 24.673261 31.318473 0.367902 
56.884822 24.101767 31.096793 0.647885 
56.876801 23.819016 30.803938 0.764608 
56.921390 23.490919 30.430152 0.597567 
57.255066 23.399507 30.034590 0.638604 
57.139575 23.264991 29.908879 0.296606 
57.349044 22.881410 29.539767 0.358554 
57.349182 22.887686 29.334708 0.288400 
57.566169 22.678855 29.148935 0.012288 
57.563082 22.541208 28.812551 0.012799 
57.613064 22.343549 28.566018 0.011422 
57.773811 22.156362 28.283392 0.034930 
57.933865 21.984377 28.005335 0.010358 
58.044389 22.001948 27.838463 0.013896 
58.159529 21.836850 27.547700 0.279411 
58.320247 21.649547 27.348806 0.358218 
58.480774 21.468844 27.105817 0.359335 
58.588221 21.349074 26.778125 0.357553 
58.861654 21.035659 26.585735 0.417956 
58.968109 20.931251 26.348162 0.234213 
59.128014 20.766526 26.108816 0.102981 
59.295276 20.853750 25.826493 0.184104 
59.401753 20.749789 25.589080 0.070800 
59.513128 20.663887 25.315817 0.019174 
59.788994 20.589547 24.985900 0.135358 
59.896042 20.477468 24.705969 0.083242 
60.005366 20.511195 24.470128 0.021594 
60.165768 20.331758 24.315020 0.016609 
60.330720 20.180276 24.080156 0.047177 
60.437940 20.067835 23.795674 0.083012 
60.600931 20.036805 23.507364 0.146053 
60.659435 20.080619 23.168237 0.001527 
61.043913 20.037407 22.932949 0.089247 
61.208791 20.162105 22.640855 0.002357 
61.482093 20.147929 22.356673 0.002756 
61.536363 20.089024 22.187053 0.004698 
61.810789 20.047065 21.770599 0.008279 
61.920153 20.086226 21.431737 0.007682 
62.139921 20.112692 21.232517 0.000026 
62.304003 20.062568 20.851110 0.004670 
62.688761 20.184690 20.492520 0.025878 
63.018290 20.193269 20.323397 0.300059 
63.178944 20.201277 20.116326 0.011599 
63.287981 20.218289 19.942587 0.015189 
63.453438 20.301477 19.635554 0.063421 
63.559574 20.181809 19.551447 0.055543 
63.780510 20.072422 19.294215 0.054551 
63.941532 20.050794 19.036748 0.004276 
64.159864 20.073625 18.642761 0.035662 
64.375170 20.140863 18.437812 0.003346 
64.431419 20.206694 18.304755 0.003061 
64.592860 20.164029 18.135100 0.003492 
64.703520 20.328784 17.919852 0.000219 
64.867617 20.422670 17.661050 0.002638 
65.034387 20.394952 17.313901 0.012331 
65.144006 20.399995 17.002942 0.000014 
65.311936 20.618105 16.517214 0.030014 
65.476899 20.872070 16.354993 0.002780 
65.643080 21.113957 16.054920 0.001021 
65.701407 21.338535 15.836801 0.000005 
65.813344 21.491233 15.484372 0.003618 
65.923766 21.656862 15.360904 0.000140 
66.034717 21.833106 15.012507 0.011510 
66.092284 21.896276 14.607556 0.000834 
66.200571 22.216033 14.260754 0.003581 
66.424780 22.498299 13.825291 0.046602 
66.484186 22.711030 13.651192 0.075379 
66.812677 22.768211 13.364405 0.047703 
66.923296 22.934124 13.241684 0.029693 
67.026900 22.838825 13.071979 0.000255 
67.412461 23.216628 12.834022 0.070403 
67.467929 23.316855 12.571932 0.016127 
67.466191 23.390136 12.312428 0.145174 
67.577983 23.543091 12.052159 0.106192 
67.753461 24.020973 11.797605 0.000336 
68.016678 23.846842 11.590424 0.002734 
68.073276 23.922108 11.324534 0.008451 
68.132562 23.945096 10.959595 0.242781 
68.299280 24.175181 10.796234 0.311008 
68.301497 24.159358 10.477046 0.453587 
