32.188739 19.289234 53.650052 0.101804 
32.069211 19.150998 53.228736 0.003992 
31.838611 18.874548 52.804584 0.039817 
31.910839 18.659733 52.322946 0.153700 
31.797007 18.527417 51.663063 0.060803 
31.514010 18.159114 51.411338 0.516276 
31.534921 17.761318 50.896384 0.204140 
31.250784 17.411195 50.559941 0.131665 
31.202065 17.195234 50.316901 0.424426 
31.087958 17.063728 50.176965 0.137337 
30.972516 16.936024 49.707283 0.000315 
30.858692 16.791505 49.465822 0.014529 
30.809191 16.592347 49.183162 0.003760 
30.638926 16.373689 48.890883 0.018091 
30.524623 16.225680 48.410591 0.120263 
30.533414 16.084281 48.028187 0.305133 
30.421046 15.953001 47.743467 0.139369 
30.303870 15.799690 47.452227 0.327104 
30.200727 15.537870 47.121096 0.084932 
30.093982 15.246167 46.875450 0.326914 
30.101042 15.130696 46.550475 0.012035 
30.044852 15.057835 46.214833 0.048552 
29.989905 14.980895 46.115065 0.168869 
29.818237 14.753873 45.867414 0.483069 
29.816093 14.769674 45.683164 0.107331 
29.769744 14.562035 45.252021 0.187817 
29.834986 14.492626 45.109864 0.282444 
29.607654 14.195667 44.669739 0.673682 
29.627555 13.917782 44.191319 1.034488 
29.772913 13.514793 44.053616 0.805284 
29.681617 13.120362 43.625246 0.365579 
29.695508 12.852552 43.341951 0.166328 
29.825137 12.730764 42.967930 0.051516 
29.490341 12.290418 42.664121 0.345428 
29.556159 12.215582 42.378124 0.618106 
29.950052 11.841970 42.110172 0.148261 
30.026827 11.637301 41.777932 0.228843 
29.928401 11.359805 41.438967 0.320154 
29.993942 11.294256 41.250762 0.323357 
29.943308 11.082709 40.771960 0.327546 
30.075260 10.951797 40.586075 0.322932 
30.151286 10.761773 40.209563 0.142143 
30.426589 10.381103 39.888759 0.004671 
30.493224 10.310583 39.842455 0.025140 
30.570727 10.105462 39.415239 0.063586 
30.649049 9.894382 39.039340 0.199909 
30.587942 9.810335 38.620924 0.337055 
30.787335 9.602809 38.274129 0.582859 
31.185966 9.210487 38.027807 0.520503 
31.318949 9.073731 37.813126 0.656487 
31.343925 8.800010 37.507849 0.756278 
31.343416 8.793707 37.202275 0.952365 
31.739231 8.437548 36.829064 0.109166 
31.740085 8.421247 36.693381 0.360234 
31.873092 8.278546 36.264155 0.608887 
31.939184 8.218875 36.220182 0.461985 
32.340409 7.803342 35.801010 0.995816 
32.406308 7.742936 35.676131 0.826798 
32.604845 7.563033 35.553690 0.391067 
32.605744 7.539939 35.203627 0.973100 
32.805422 7.342833 34.946028 0.942645 
33.136158 7.036545 34.440350 0.367808 
33.403216 6.768962 34.147432 0.433153 
33.465197 6.743479 33.584527 0.003910 
33.798519 6.421600 33.300815 0.003136 
33.798010 6.415576 32.991286 0.001412 
33.917885 6.412843 32.868469 0.015732 
33.917885 6.412843 32.868469 0.015732 
34.589499 5.713773 32.415854 0.440796 
34.787255 5.541297 31.995510 0.089740 
34.987209 5.350487 31.782511 0.037416 
35.240594 5.216123 31.581211 0.069950 
35.303555 5.195222 31.279620 0.121985 
35.503741 4.998089 30.941473 0.131104 
35.504368 4.985477 30.855072 0.036412 
35.562252 5.048731 30.422481 0.000000 
35.682107 5.038266 30.251988 0.032949 
35.971997 5.119811 30.138999 0.010634 
36.416505 4.929916 29.857420 0.028343 
36.551147 4.785351 29.776556 0.104392 
36.936506 4.532225 29.492761 0.041951 
37.003462 4.459626 29.278933 0.081558 
37.410468 4.543856 28.998899 0.044931 
37.598907 4.516301 28.662936 0.018957 
37.702669 4.639048 28.237964 0.004524 
37.805598 4.776092 27.894477 0.008610 
37.871725 4.717344 27.855907 0.000001 
38.262595 4.458241 27.484521 0.002621 
38.513576 4.329640 27.063664 0.001461 
38.735077 4.462551 26.779495 0.021374 
38.844819 4.592947 26.606399 0.114390 
39.332074 4.470337 26.465532 0.101025 
39.648420 4.191863 26.268194 0.025102 
39.699503 4.260437 26.101718 0.021222 
39.757918 4.215910 25.841343 0.101487 
39.925342 4.309055 25.640282 0.150254 
40.042501 4.221514 25.303982 0.556707 
40.144118 4.366522 25.004852 0.647353 
40.848652 4.958282 24.484681 0.010829 
40.855757 4.845766 24.400375 0.084215 
40.958908 4.967563 24.057862 0.009013 
41.072342 4.938287 23.850646 0.108197 
41.298909 4.868105 23.560768 0.010843 
41.634563 5.025198 23.244653 0.005767 
41.858137 5.039055 22.868063 0.000281 
41.982817 4.921194 22.659313 0.005646 
42.364161 5.121394 22.425747 0.083471 
42.533649 5.088277 22.263704 0.015488 
42.707212 5.082978 22.019296 0.154006 
42.797136 5.349753 21.551280 0.064516 
43.286692 5.698519 20.979886 0.000733 
43.286549 5.699362 20.890502 0.001178 
43.393923 5.787230 20.636886 0.254322 
43.501970 5.845442 20.412414 0.002172 
43.501125 5.855643 20.276542 0.002730 
43.602747 5.994343 19.917864 0.001572 
43.820211 6.148344 19.652444 0.000074 
43.816000 6.205745 19.185473 0.306015 
44.020056 6.480069 19.108557 0.254525 
44.179385 6.683723 18.980175 0.138505 
44.390357 6.945924 18.620341 0.016676 
44.492997 7.072878 18.299156 0.000018 
44.544600 7.131068 17.973638 0.011917 
44.651711 7.285573 17.842526 0.002086 
44.804949 7.491023 17.667695 0.007534 
44.708771 8.210853 16.961194 0.022099 
44.759978 8.279059 16.777578 0.027813 
44.816183 8.250470 16.642926 0.013879 
45.076103 8.631191 16.151536 0.099402 
45.017827 8.689904 15.959332 0.088274 
45.228031 8.981761 15.556149 0.104842 
45.231991 8.918309 15.268877 0.057422 
45.389709 9.070224 14.949575 0.562628 
45.387338 9.100688 14.528886 0.238142 
45.381530 9.185213 13.971420 0.053024 
45.490649 9.319006 13.933707 0.011895 
45.414342 9.718777 13.467703 0.587010 
45.506111 9.956327 12.957381 0.173698 
45.319998 10.390326 12.897744 0.052932 
45.196975 10.656827 12.703539 0.126454 
45.237963 10.957402 12.519546 0.009618 
45.231968 11.086594 12.095566 0.001675 
45.337644 11.189661 11.961279 0.122674 
45.382943 11.395474 11.638563 0.097435 
45.264455 11.703074 11.306914 0.006391 
45.371693 11.782230 10.982026 0.178634 
45.346734 12.203201 10.657443 0.059316 
45.283358 12.402027 10.371183 0.090010 
45.263735 12.609632 9.941772 0.702140 
45.071133 12.826746 9.646187 0.507169 
45.283670 13.142071 9.436174 0.255322 
45.156457 13.270005 8.954693 0.312381 
45.134745 13.523980 8.718296 0.520777 
44.996672 13.786946 8.613992 0.618347 
44.858013 14.059901 8.180815 0.603290 
44.793082 14.147225 7.895234 0.388145 
44.765838 14.565099 7.567993 0.409895 
