49.146044 32.927246 53.579338 0.411277 
48.719732 32.381738 53.111813 0.456151 
48.719542 32.384817 52.885507 0.375309 
48.719415 32.388167 52.567491 0.315140 
48.478041 32.228947 52.066192 0.116894 
48.295015 31.998511 51.743232 0.077595 
48.173313 31.843589 51.281002 0.107154 
48.051806 31.685055 51.045318 0.192833 
47.989558 31.623152 50.736194 0.000247 
47.808688 31.371353 50.162768 0.385186 
46.976800 31.421217 49.676873 0.750390 
46.915756 31.343472 49.214606 0.842417 
46.792404 31.198068 48.989000 0.436470 
46.671193 31.031858 48.746553 0.911949 
46.544317 30.754261 48.389996 0.183492 
46.300159 30.439321 48.148872 0.278841 
46.123689 30.639537 47.916810 0.227420 
45.823148 30.529564 47.533212 0.488518 
45.640182 30.458581 47.218042 0.073316 
45.456607 30.221455 46.977975 0.140103 
45.216985 30.185023 46.546548 0.488252 
45.155607 30.107207 46.266893 0.526785 
45.034759 29.930625 45.647571 1.553138 
44.912062 29.774782 45.458004 1.578814 
44.549097 29.585931 45.347874 2.073203 
44.423394 29.459679 44.852250 0.705921 
44.239179 29.226256 44.567110 0.729665 
44.415233 29.056576 44.124322 0.112659 
44.232501 28.805117 43.642771 0.545963 
44.048131 28.576327 43.220295 0.454408 
43.804019 28.251260 42.970397 0.905884 
43.740736 28.034829 42.644603 0.767394 
43.680615 27.942514 42.495097 1.350985 
43.617150 27.888281 41.901042 0.575229 
43.555428 27.815336 41.668489 0.468195 
43.311410 27.489279 41.324695 0.940432 
43.189212 27.328521 41.084183 1.152255 
43.246728 27.134620 40.581039 0.688497 
43.426609 26.943239 40.356988 0.550448 
43.181711 26.794704 40.094532 0.176897 
43.119182 26.423778 39.681801 0.299881 
42.812493 26.053643 39.148514 0.066600 
42.752656 25.953732 38.949608 0.409946 
42.751859 25.962809 38.687918 0.259462 
42.570345 25.702049 38.354893 0.945282 
42.267400 25.281681 37.981524 2.213313 
42.386276 25.181777 37.742100 0.975897 
42.203582 24.943649 37.520693 1.141286 
42.262989 24.464964 37.050771 0.640940 
42.261953 24.194467 36.583449 0.317209 
42.201712 24.105800 36.408060 0.544479 
42.324469 23.688471 36.065645 0.522315 
42.323080 23.704963 35.688589 0.247992 
42.201930 23.543550 35.464759 0.352330 
42.324155 23.412714 35.212962 0.350332 
42.266315 23.155939 34.850943 1.249680 
42.145199 22.993774 34.369952 1.504179 
42.206857 22.790671 34.163262 1.291231 
42.394070 22.164190 33.654572 1.220025 
42.334825 21.819200 33.355742 0.682643 
42.397906 21.485228 32.889668 0.326429 
42.522759 21.210645 32.548156 0.319035 
42.706800 21.032850 32.262594 0.091993 
42.827757 21.167130 31.963764 0.364587 
43.073876 20.917635 31.722990 0.172790 
42.950504 21.041080 31.413650 0.298292 
43.073846 20.908870 31.074768 0.312599 
43.075350 20.882269 30.899431 0.821919 
43.140615 20.644745 30.376459 1.601692 
43.139092 20.664264 30.167821 1.052271 
43.081540 20.436933 29.947099 1.203357 
43.144408 20.240785 29.523529 0.868636 
43.392065 19.977632 29.190963 0.842697 
43.581126 19.622419 28.680751 1.159251 
43.829201 19.357677 28.267608 1.163350 
43.830138 19.343197 28.180195 1.566517 
44.260854 18.939984 27.696542 0.295991 
44.325331 18.739155 27.485524 0.190311 
44.270718 18.487995 26.964213 0.613747 
44.456016 18.312525 26.758960 0.268629 
44.395952 18.250530 26.584813 0.118108 
44.699839 18.221052 26.007670 0.044139 
44.644390 17.993230 25.706167 0.078854 
44.768124 17.876595 25.454027 0.012362 
44.781091 17.401487 25.100833 0.332499 
44.904497 17.293333 24.812879 0.099913 
45.151908 17.147809 24.346274 0.342477 
45.397349 17.035668 24.063736 0.241114 
45.585180 16.829115 23.773755 0.324281 
45.647628 16.762924 23.609047 0.323870 
45.959539 16.441965 23.324930 0.201721 
46.083101 16.335194 23.121514 0.033005 
46.326638 16.323477 22.618515 0.299211 
46.386318 16.305852 22.200358 0.004142 
46.510669 16.185903 21.896701 0.003517 
46.635587 16.056203 21.727003 0.008129 
46.816680 16.102300 21.159033 0.125495 
47.129030 15.775436 20.907852 0.085662 
47.485362 15.962015 20.712436 0.049498 
47.487999 15.917822 20.402277 0.428658 
47.737030 15.666139 20.195839 0.259257 
47.909808 15.685593 19.709661 0.015279 
47.965455 15.637797 19.490907 0.053686 
48.258521 15.557445 19.178148 0.056850 
48.487905 15.343623 18.870850 0.004117 
48.486544 15.372623 18.455098 0.099411 
48.541891 15.333070 18.088268 0.238826 
48.654384 15.214594 17.815670 0.245564 
49.232123 15.400578 17.531127 0.027970 
49.406428 15.441132 16.931863 0.116736 
49.689827 15.573233 16.771502 0.035072 
49.755255 15.454296 16.535622 0.416459 
49.920450 15.328387 16.134823 0.031000 
50.206847 15.563537 15.739012 0.112973 
50.262824 15.504187 15.649760 0.108520 
50.323989 15.459086 15.377402 0.022269 
50.494563 15.395013 15.108312 0.114238 
50.716893 15.347657 14.713496 0.013740 
50.893489 15.276866 14.445108 0.004867 
51.004250 15.180401 14.269702 0.016155 
51.750195 15.054507 13.862278 0.002720 
51.687455 15.141146 13.488239 0.009101 
51.801107 15.463002 13.365499 0.092136 
52.090192 15.776660 13.105657 0.111457 
52.324727 15.757831 12.747840 0.522122 
52.489859 15.613782 12.439190 0.184647 
52.997452 15.538816 11.977739 0.000854 
53.224943 15.844016 11.814779 0.001846 
53.228436 16.113210 11.446160 0.014855 
53.395762 16.082703 11.229655 0.001154 
53.508233 16.099498 11.053934 0.002238 
53.851628 16.531278 10.435892 0.130938 
54.136844 16.511432 10.137708 0.078772 
54.138869 16.485204 9.763338 0.234523 
54.308454 16.737307 9.505725 0.135496 
54.534222 17.078543 9.302345 0.030736 
54.873772 17.228360 9.098612 0.248605 
54.982685 17.306605 8.885087 0.004035 
55.152381 17.386518 8.575506 0.037384 
