56.893272 25.398439 55.463726 0.148692 
56.842203 25.456974 55.053777 0.268315 
56.413640 25.519228 54.779662 0.134628 
56.430092 25.793691 54.513336 0.050027 
56.169888 25.948740 54.056229 0.075947 
56.118345 26.003801 53.960315 0.219359 
55.862599 26.303750 53.555196 0.063094 
55.636468 26.421004 53.236057 0.039355 
55.288520 26.527422 53.000382 0.101088 
55.056102 26.365220 52.636712 0.027482 
54.823170 26.491851 52.364357 0.000338 
54.706197 26.633038 52.232973 0.054356 
54.299559 26.659042 51.674142 0.000042 
54.066897 26.632808 51.348109 0.016663 
53.892816 26.537243 50.975071 0.118010 
53.542694 26.498422 50.736785 0.208529 
53.426732 26.336114 50.455551 0.432767 
53.191895 26.610283 50.320910 0.171995 
53.015781 26.674628 50.004593 0.031650 
52.840085 26.736229 49.548847 0.002136 
52.664606 26.646976 49.087531 0.007716 
52.488426 26.560840 48.856571 0.000218 
52.371300 26.405398 48.487350 0.001775 
52.019793 26.506624 48.016326 0.077936 
51.668014 26.315448 47.495496 0.351733 
51.667691 26.323302 47.225513 0.192049 
51.491172 26.233407 46.945297 0.211838 
51.139106 25.753357 46.238824 0.593816 
51.019747 25.901851 46.061435 0.187811 
50.782610 26.034375 45.923910 0.033328 
50.546524 25.866834 45.456912 0.046810 
50.487015 25.941613 45.184494 0.004361 
50.250920 25.625848 44.851644 0.027459 
50.131945 25.622828 44.760361 0.000080 
49.894715 25.747431 44.433645 0.003413 
49.420364 25.556262 43.864693 0.000331 
49.242942 25.318377 43.348774 0.010822 
49.064783 25.089838 43.113304 0.000233 
49.064633 25.094789 42.885233 0.002949 
48.887332 24.990493 42.549080 0.059996 
48.887967 24.846761 42.087476 0.076351 
48.769556 24.691050 41.621170 0.094009 
48.709365 24.628675 41.486759 0.001391 
48.590927 24.473212 41.020014 0.004462 
48.531169 24.405540 40.749149 0.007979 
48.058454 23.755551 40.313742 0.142467 
47.880685 23.521336 40.129346 0.152151 
47.701290 23.442340 39.570982 0.061616 
47.640569 23.516315 39.317632 0.019608 
47.583582 23.403094 38.848291 0.553551 
47.286467 23.278876 38.174533 1.287567 
46.989371 22.640063 37.883715 0.270055 
46.870088 22.495149 37.556830 0.134023 
46.691534 22.272377 37.221754 0.045623 
46.573524 22.106522 36.808500 0.150933 
46.572915 22.116809 36.733024 0.056856 
46.457920 21.669374 36.356697 0.092344 
46.459043 21.536759 35.867368 0.026423 
46.283935 21.149285 35.444582 0.102485 
46.282642 21.172078 35.209937 0.000058 
46.165543 20.993652 34.954729 0.116968 
46.164250 21.016019 34.631437 0.002083 
46.288486 20.746972 34.270346 0.001720 
46.297930 20.168038 33.814472 0.000059 
46.359016 20.108055 33.535208 0.003830 
46.245664 19.773010 32.945735 0.189040 
46.244613 19.790800 32.829470 0.041628 
45.833555 19.224391 32.309465 0.248195 
45.660917 18.830812 32.088510 0.499494 
45.906374 18.598533 31.742499 0.082443 
45.847575 18.520717 31.412317 0.089903 
45.789594 18.429507 31.156239 0.229136 
45.854716 18.220462 30.753706 0.221524 
45.926527 17.731295 30.305717 0.126217 
45.693805 17.395346 29.874123 0.445015 
45.822022 17.120129 29.718716 0.414284 
46.075070 16.713922 29.481736 0.355321 
45.956294 16.592303 29.114560 0.038933 
45.572159 15.719831 28.463621 0.729654 
45.792179 16.033038 28.438071 0.424667 
45.811076 15.611620 28.028163 0.373840 
45.606088 15.362381 27.812412 0.119966 
45.529563 14.938964 27.432298 0.313237 
45.653529 14.835295 27.280361 0.050700 
45.674890 14.564647 26.952816 0.041432 
46.067050 14.085846 26.732899 0.124935 
46.154722 13.705422 26.154580 0.013248 
46.229503 13.496586 25.871846 0.033040 
46.190205 13.277534 25.620868 0.229820 
46.409550 13.076546 25.474165 0.016129 
46.416615 12.917816 25.221903 0.195667 
46.415177 12.939772 25.103551 0.043443 
46.640767 12.647373 24.529078 0.712420 
46.861867 12.422766 24.178800 0.560603 
47.360107 11.933388 23.801684 0.120640 
47.521546 11.815990 23.449472 0.051650 
47.693259 11.629582 23.006093 0.024054 
47.965122 11.361573 22.618464 0.117925 
47.876473 11.071250 22.196067 0.003060 
47.991954 10.935507 21.874646 0.010546 
48.041688 10.900403 21.791050 0.006066 
48.155498 10.791207 21.752504 0.035804 
48.379435 10.537873 21.465465 0.000004 
48.603421 10.287458 20.917889 0.027405 
48.666977 10.102584 20.748745 0.012421 
48.629106 9.782979 20.700856 0.020251 
48.741340 9.705189 20.259567 0.066688 
49.134064 9.248049 19.645715 0.041200 
49.365127 8.878994 19.332826 0.057118 
49.429842 8.690906 18.963184 0.046959 
49.869370 8.367245 18.574942 0.005232 
49.921243 8.415244 18.298088 0.076276 
49.923626 8.384192 18.062770 0.311733 
50.408232 8.221990 17.585459 0.398285 
50.511360 8.216124 17.219261 0.683897 
50.989781 8.160224 16.741876 1.222255 
51.242081 8.366863 16.483872 1.321726 
51.352040 8.310916 16.217109 0.342862 
51.251798 8.182780 15.696633 0.234737 
51.494746 7.614293 15.201597 0.010998 
51.601261 7.534729 14.978752 0.034660 
51.883387 7.292510 14.669603 0.180575 
52.332786 7.592733 14.759896 0.031376 
52.467083 7.176264 14.345819 0.046757 
52.634874 7.013134 13.847412 0.010156 
52.841365 7.015511 13.631614 0.038979 
53.201157 7.119428 13.337933 0.016403 
53.311988 7.015362 13.207615 0.000237 
53.702789 6.622200 12.912878 0.024448 
53.910794 6.733533 12.604784 0.022781 
53.911236 6.733018 12.326118 0.024787 
54.125032 6.652914 11.880594 0.001458 
54.329980 6.710318 11.436802 0.153238 
54.382038 6.645714 11.208049 0.094429 
54.653266 6.783312 10.724206 0.302398 
54.705404 6.907395 10.360881 0.789079 
