44.474249 32.025021 53.094938 0.000301 
44.718395 32.192112 52.682016 0.028556 
44.779223 32.280126 52.092306 0.000819 
45.026668 32.590952 51.403549 0.027745 
45.085822 32.518085 50.795969 0.265520 
45.209771 32.671546 50.288762 0.462772 
45.329895 32.684702 49.830187 0.546592 
45.395284 32.906187 49.370993 0.658182 
45.640268 33.064498 48.861279 1.351175 
45.639883 33.067946 48.541186 1.236185 
45.944385 33.325098 48.236155 0.795988 
46.006309 33.403048 47.592187 0.962164 
46.129043 33.570343 47.097730 0.610048 
46.190987 33.648280 46.638397 0.716683 
46.253299 33.722095 46.314506 0.972761 
46.315682 33.795515 45.806015 1.323400 
46.319780 33.938112 45.345111 1.493109 
46.502087 34.023759 44.932849 1.890696 
46.567851 34.248617 44.615856 1.803692 
46.692324 34.399573 44.386775 2.183641 
46.878092 34.636717 43.889477 2.166644 
46.762462 34.770715 43.473731 2.094618 
46.770735 35.065237 43.019891 1.822863 
46.716687 35.286973 42.612821 1.320448 
46.667635 35.651955 42.114295 0.949145 
46.619385 36.012141 41.566403 0.808532 
46.567780 36.209189 41.189339 1.332579 
46.567508 36.213337 40.776586 1.255807 
46.451290 36.365819 40.398753 0.613198 
46.394456 36.421713 39.906292 0.992049 
46.466853 36.798112 39.526542 0.735070 
46.299012 37.163102 38.932628 0.259311 
46.184692 37.288527 38.398889 0.427857 
46.195857 37.576850 38.097759 0.452935 
46.080769 37.721237 37.551685 0.269010 
45.966680 37.844307 37.247564 0.446796 
45.915413 38.051508 36.908775 0.535371 
45.863835 38.267907 36.408559 0.452567 
45.806448 38.337795 36.029651 0.415081 
45.698948 38.597538 35.686389 0.794221 
45.521726 38.642069 35.290050 1.077756 
45.407003 38.781432 34.874063 0.902943 
45.229092 38.837798 34.576382 0.842414 
45.114579 38.971176 34.105743 0.848566 
44.815224 39.026578 33.636157 0.545396 
44.573452 38.997858 33.115435 0.672083 
44.394934 39.053962 32.646983 0.654201 
44.209759 38.967179 32.171177 0.622225 
43.967767 38.925870 31.562474 1.074001 
43.789072 38.974557 31.127823 1.243222 
43.603350 38.888628 30.654048 1.168787 
43.239422 38.832609 30.117938 1.766720 
43.181984 38.888669 29.729536 2.159559 
42.880291 38.944214 29.338844 1.672200 
42.700585 39.001349 29.033383 1.571162 
42.456494 38.979463 28.641370 1.508829 
42.398652 39.041426 28.300243 1.667462 
42.282346 39.188684 27.834724 1.266422 
42.152712 39.045231 27.319980 1.016076 
41.779629 38.853817 26.825919 1.300952 
41.722079 38.900407 26.474024 1.897984 
41.534735 38.815383 26.080612 1.767834 
41.419253 38.925983 25.645962 2.495540 
41.224980 38.698432 25.245112 2.308952 
41.037202 38.611998 24.770569 2.225762 
40.906870 38.477267 24.380353 1.626473 
40.977256 38.700037 23.925335 1.677361 
40.718948 38.373741 23.555850 2.117559 
40.458855 38.110745 23.296191 0.872001 
40.264709 37.871016 22.873866 1.023102 
40.251084 37.606077 22.426496 0.651622 
40.127739 37.576704 21.876158 1.026016 
40.115564 37.277509 21.602879 1.326390 
40.050019 37.209106 21.102939 1.166516 
40.107620 37.145997 20.571206 1.186625 
40.030662 36.794943 20.245318 0.923702 
39.970994 36.869220 19.751863 0.815485 
39.835881 36.566059 19.335962 0.910386 
39.893842 36.501915 18.887950 0.937732 
39.822921 36.293906 18.479103 0.732320 
39.693401 36.131289 17.880785 0.895774 
39.809830 36.029838 17.478421 0.478959 
39.798388 35.754955 17.146928 0.350537 
39.915732 35.612443 16.631486 0.534082 
40.087484 35.255563 16.256248 0.815895 
40.087271 35.242484 15.922247 1.082514 
40.081713 35.098033 15.542160 1.132128 
39.948340 34.789249 15.099310 1.339237 
39.814743 34.502039 14.757328 1.105819 
40.055644 34.392787 14.353161 0.980490 
40.173750 34.249041 13.837890 1.264593 
40.405464 33.869201 13.480328 0.822533 
40.400104 33.746298 13.106323 0.550243 
40.577495 33.560832 12.696392 0.439833 
40.636419 33.493305 12.322277 0.486899 
40.755412 33.327290 11.801022 1.028523 
40.873964 33.196226 11.525834 1.045246 
41.114463 33.109638 11.129102 0.596301 
41.296424 33.041747 10.621080 0.841929 
41.417755 33.082171 10.026869 0.516775 
41.475741 33.059393 9.571094 0.155313 
