66.048160 6.061807 53.783621 0.000493 
66.264603 6.224584 53.564160 0.014953 
66.573662 6.699163 53.170296 0.013683 
66.913607 6.726491 52.596265 0.000249 
67.120914 7.032138 52.243140 0.034201 
66.990484 7.322915 51.840543 0.003428 
67.044060 7.391808 51.527763 0.048429 
67.199073 7.628475 51.309024 0.021961 
67.579375 7.902021 50.607611 0.127091 
67.805162 7.919018 50.300210 0.067279 
67.838853 8.303107 49.947432 0.341777 
68.126225 8.249080 49.418035 0.157294 
68.384943 8.635620 49.113153 0.075942 
68.592411 8.944171 48.806847 0.025140 
68.747970 9.182362 48.500366 0.050048 
68.851210 9.346424 48.326761 0.149227 
69.009509 9.561234 47.838174 0.007848 
69.224724 9.735666 47.578927 0.004944 
69.381087 9.965938 47.271618 0.001972 
69.588129 10.295640 46.836360 0.075420 
69.744185 10.525922 46.618461 0.026121 
69.849547 10.682628 46.176901 0.018187 
70.213664 11.220917 45.743490 0.009816 
70.446278 11.090509 45.349240 0.036647 
70.552351 11.242012 44.862861 0.096247 
70.554406 11.236995 44.550491 0.168557 
70.814057 11.632584 44.161087 0.135549 
70.970471 11.877093 43.724226 0.051700 
71.177642 12.184894 43.687381 0.118014 
71.341839 12.278339 43.294267 0.077320 
71.387873 12.492229 43.116970 0.232506 
71.594900 12.826353 42.773941 0.028846 
71.647138 12.920874 42.467929 0.005694 
71.746347 13.207294 42.158688 0.053448 
71.792153 13.465569 41.545068 0.062952 
71.949816 13.689230 41.283489 0.001599 
72.109323 13.906038 40.802991 0.077808 
72.164766 13.954519 40.577873 0.546353 
72.212333 14.181092 40.123290 0.546339 
72.267486 14.247419 39.723728 0.856404 
72.325678 14.212105 39.331672 0.211564 
72.146552 14.566677 38.725811 0.200938 
72.078231 14.920203 38.282751 0.347579 
72.205817 15.879715 38.091543 0.614908 
72.306013 16.193492 37.699335 0.462491 
72.247755 16.278866 37.500197 0.212273 
72.232694 16.716590 37.181224 0.279523 
72.171092 16.929646 36.858871 0.327689 
72.220158 17.165488 36.384002 0.218752 
72.223179 17.158038 35.942048 0.329309 
72.329520 17.320521 35.668827 0.279999 
72.271922 17.394345 35.547350 0.216687 
72.159261 17.521871 35.100152 0.347376 
72.157894 17.652996 34.617064 0.634056 
72.373395 17.944065 34.104651 1.220843 
72.478609 18.107470 34.072198 1.095743 
72.478473 18.230178 33.547700 1.788494 
72.134358 18.653608 33.013862 1.412443 
71.897716 19.117638 32.732121 0.499879 
71.995033 19.419298 32.617432 0.696807 
71.842895 19.766871 32.054643 0.359911 
71.798255 20.257258 31.576188 0.291941 
71.697933 20.362284 31.246802 0.547899 
71.706712 20.593563 30.918379 1.636868 
71.656347 20.659973 30.635999 1.512005 
71.606932 20.725501 30.192767 1.420836 
71.555338 20.800465 30.032358 1.110878 
71.401001 21.003622 29.747539 0.746179 
71.352403 21.046733 29.419985 1.116086 
71.250860 21.166215 29.173190 1.195322 
71.202494 21.215993 28.726220 1.478687 
71.050762 21.386787 28.354042 1.827284 
70.850650 21.755564 27.899307 2.325266 
70.541988 22.170670 27.289252 1.152806 
70.391065 22.324621 26.993486 1.862168 
70.030485 22.801695 26.541447 0.832229 
69.880503 22.953840 26.083573 1.483516 
69.880360 22.969758 25.925502 1.149421 
69.675885 23.225193 25.594174 0.960629 
69.576830 23.316870 25.219361 1.613647 
69.474257 23.437009 25.213418 1.665931 
69.321153 23.656403 24.606930 0.950436 
69.217000 23.619558 24.434195 1.313979 
68.961648 23.962885 23.723014 0.681543 
68.703498 24.116487 23.408133 0.872965 
68.549973 24.326683 23.014116 0.501660 
68.557537 24.448138 22.418801 0.794175 
68.455642 24.588980 22.070547 0.547659 
68.144700 24.852149 21.536659 0.192388 
67.839847 25.192470 21.176155 0.447235 
67.735649 25.155966 20.826498 0.689969 
67.633738 25.273525 20.725044 0.757983 
67.227632 25.735108 20.109780 1.219502 
67.227632 25.735108 20.109780 1.219502 
67.016921 25.654098 19.903746 2.166386 
66.968709 25.688506 19.534442 2.872762 
66.815150 25.876640 19.390911 2.734211 
66.558979 26.203733 19.064149 2.176197 
66.504299 26.123314 18.787619 2.212080 
66.301339 26.367198 18.278333 2.229938 
66.147174 26.576546 18.048491 1.648991 
65.940761 26.888573 17.643380 0.561651 
65.830129 26.750580 17.002911 0.366162 
65.504348 26.544772 16.654603 0.476790 
65.348351 26.548636 16.317516 0.995434 
65.087237 26.727819 15.939324 0.791024 
64.925534 26.595186 15.690655 1.347934 
64.662913 26.787193 15.450547 0.903923 
64.349935 27.025497 15.067903 0.732013 
64.241998 27.028163 14.790500 0.492651 
63.868485 27.005422 14.389980 0.847365 
63.755981 26.848083 14.105360 0.840689 
63.338064 27.228256 13.718723 0.448814 
62.731722 26.743654 12.878197 0.861254 
62.947527 26.838646 12.681288 0.260254 
62.835519 26.646494 12.525373 0.576857 
62.777172 26.650466 12.033946 0.028371 
62.612860 26.563346 11.517994 0.011922 
62.563066 26.606452 11.100416 0.063319 
