35.788582 22.760690 54.645825 0.877893 
35.913166 22.625787 54.362585 1.308275 
36.196220 22.700926 53.997269 0.984800 
36.382253 22.502747 53.576970 1.242491 
36.511746 22.244720 53.257563 0.724254 
36.802240 22.180226 52.982198 0.760121 
36.800305 22.188399 52.567218 0.395006 
36.923128 22.066124 52.247993 0.136971 
36.982905 22.015613 51.744525 0.003114 
37.294757 21.680362 51.603789 0.048021 
37.528175 21.692293 51.189900 0.026117 
37.777251 21.425010 50.910132 0.127833 
37.888574 21.415559 50.721639 0.313124 
38.171058 21.482825 50.305617 0.478190 
38.418911 21.227282 50.127805 0.254876 
38.770099 21.097081 49.575274 0.294672 
38.831030 21.038462 49.206752 0.146860 
38.954726 20.914238 49.119929 0.038422 
39.167033 21.175034 48.606595 0.285625 
39.226953 21.127502 48.197365 0.009787 
39.599320 20.738102 47.974486 0.000004 
39.723834 20.599976 47.693488 0.039229 
39.949701 20.608127 47.330157 0.001701 
40.396554 20.721281 46.772041 0.426462 
40.677087 20.791140 46.593929 0.451518 
40.840827 20.860930 46.367760 0.362378 
41.025346 20.676068 46.051971 0.111864 
41.388282 20.544042 45.588999 0.538514 
41.634955 20.293762 45.461620 0.198280 
41.695986 20.236509 45.187457 0.076378 
41.879278 20.186835 44.962017 0.038787 
41.937569 20.281781 44.598977 0.019406 
42.425116 20.311141 44.049003 0.077364 
42.547494 20.309164 43.721675 0.339659 
43.033567 20.235608 43.235374 0.022230 
43.214005 20.329446 42.918278 0.007900 
43.394787 20.418560 42.739049 0.012212 
43.455957 20.357706 42.417179 0.001416 
43.755664 20.715304 42.046537 0.430431 
44.119616 20.740003 41.777504 0.748035 
44.420518 20.845256 41.465862 0.649717 
44.660275 20.893764 41.252342 0.131854 
44.784090 20.746415 40.925660 0.427649 
44.842236 20.839144 40.608819 0.167849 
44.962873 20.850447 40.242048 0.193749 
45.263675 20.948124 39.905383 0.273223 
45.322871 21.025474 39.439352 0.312325 
45.381233 21.116505 39.237989 0.124108 
45.439697 21.207189 39.041147 0.023945 
45.859198 21.452883 38.578790 0.140651 
46.459616 21.643753 37.957575 0.363754 
46.518837 21.721367 37.724236 0.386300 
46.699308 21.676317 37.493945 0.237441 
47.122486 21.496481 37.310820 0.319779 
47.179384 21.610472 37.043061 0.001224 
47.418359 21.760949 36.771757 0.099004 
47.539416 21.639482 36.543599 0.026405 
47.776387 21.822019 36.199432 0.000861 
47.894494 21.976671 35.807620 0.000444 
48.190583 22.347214 35.541048 0.106752 
48.667575 22.415823 34.928129 0.003946 
48.788109 22.295060 34.617330 0.006790 
49.440956 22.825307 34.087893 0.257275 
49.677867 23.116700 33.735855 0.662167 
49.676583 23.139600 33.585733 0.265992 
49.855860 23.085567 33.359072 0.269888 
50.034902 23.036076 33.009197 0.220836 
50.034011 23.054097 32.894424 0.058632 
50.210683 23.286569 32.587571 0.084864 
50.210572 23.291738 32.386380 0.056126 
50.445976 23.607157 31.965569 0.055260 
50.681222 23.928915 31.507052 0.025230 
50.859857 24.128821 31.152241 0.374614 
50.858944 24.153035 30.762420 0.113810 
51.154938 24.520269 30.337675 0.432126 
51.449876 24.906953 30.116235 0.537232 
51.626818 25.144742 29.772336 0.518740 
51.803164 25.122992 29.516746 0.122767 
52.039389 25.426428 29.329072 0.233355 
52.097500 25.524176 29.219163 0.071745 
52.156173 25.484540 28.752577 0.000110 
52.570835 25.990504 28.338136 0.258837 
52.689327 26.138759 28.144703 0.381636 
53.043815 26.457967 27.693906 0.516960 
53.160443 26.355021 27.547063 0.156803 
53.222861 26.378316 26.942625 1.044683 
53.283124 26.439460 26.625003 1.488329 
53.338738 26.596211 26.214145 0.168300 
53.398346 26.665022 26.018278 0.274227 
53.872624 27.553910 25.495064 0.762478 
53.992053 27.691971 25.182156 1.176060 
54.347368 28.148354 24.931184 1.580849 
54.406005 28.240045 24.778945 1.281289 
54.405417 28.254816 24.704995 0.971924 
54.524618 28.565805 24.319524 0.849167 
54.582528 28.687587 23.946138 0.263031 
54.641491 28.780387 23.716228 0.150306 
54.582987 28.886387 23.112948 0.001503 
54.584408 28.863670 22.729633 0.078121 
54.882034 29.229488 22.288561 0.330500 
55.120332 29.514181 22.094596 0.766770 
55.185560 30.185293 21.680120 0.639390 
55.131235 30.369088 21.294825 1.163237 
55.133956 30.694186 20.955388 0.607673 
55.254235 30.822544 20.838741 1.113737 
55.314924 30.882966 20.586569 1.522369 
55.315572 31.075013 20.289712 0.680186 
55.319543 31.381496 20.037191 0.487628 
55.379252 31.480905 19.612260 0.288605 
55.380004 31.474536 19.316455 0.370030 
55.383493 31.595428 19.041093 0.703175 
55.622692 31.930424 18.380711 0.497178 
56.040466 32.482609 18.375902 0.516074 
55.933518 32.881882 17.771053 0.923232 
55.884011 33.197716 17.531902 1.761297 
55.768577 33.407900 16.996118 0.488473 
55.656636 33.492014 16.700084 1.256477 
55.663871 33.772768 16.335376 1.494692 
55.668547 33.890145 16.054723 2.149559 
55.616245 34.082544 15.727152 2.685417 
55.501035 34.275377 15.461495 1.342319 
55.444010 34.350801 15.414671 1.182480 
55.443978 34.360406 15.279489 1.030013 
55.444538 34.367120 14.867625 0.956590 
55.569030 34.682263 14.519068 0.817204 
55.413255 35.249730 13.855083 2.181756 
55.534753 35.411586 13.547553 2.132592 
55.364458 35.638398 13.406939 1.560413 
55.365463 35.622899 13.080638 1.911587 
55.798213 36.218047 12.687960 4.879340 
