27.749103 25.000670 50.594089 0.611830 
27.928366 25.216605 50.503741 0.644700 
28.116412 25.019271 50.172875 0.845798 
28.173394 24.977489 49.288568 0.117173 
28.485996 24.667099 48.924881 0.000386 
29.042053 24.629917 48.364896 0.049438 
29.104690 24.554936 48.027201 0.285879 
29.659766 24.374476 47.562743 0.572898 
29.715782 24.447567 47.329753 0.475804 
29.904570 24.387436 46.950962 0.831030 
30.028161 24.261183 46.434886 0.736281 
30.215769 24.070126 46.205008 0.595520 
30.402767 23.886959 45.979715 0.245923 
30.465850 23.806063 45.593149 0.819239 
30.526643 23.744825 45.075617 0.730831 
30.649897 23.631332 44.708781 0.252063 
30.888660 23.773638 44.143803 0.570879 
31.014368 23.634761 43.858590 0.922387 
31.200815 23.457061 43.588671 0.351029 
31.389693 23.399643 43.450495 0.483004 
31.766431 23.013741 43.227155 0.346291 
32.142032 22.632226 42.674698 0.173677 
32.456411 22.306672 42.400410 0.170383 
32.631884 22.508368 42.164677 0.539649 
32.812757 22.451979 41.841931 0.440461 
32.873690 22.401085 41.519073 0.163464 
32.998750 22.280543 41.432732 0.044912 
33.124378 22.145344 41.198174 0.098986 
33.184878 22.227256 40.682585 0.074527 
33.367181 22.288325 40.492369 0.453177 
33.966543 22.459148 40.138423 0.517935 
34.216560 22.208605 39.962285 0.272489 
34.528778 22.029402 39.649796 0.199409 
34.945386 22.254855 39.344251 0.369573 
35.125216 22.203191 39.081322 0.207811 
35.124182 22.206648 38.766488 0.174580 
35.248152 22.223368 38.636743 0.119611 
35.670341 22.181296 38.061080 0.112063 
35.912091 22.202846 37.847249 0.068183 
36.038209 22.050646 37.664849 0.383008 
36.445564 22.553742 37.466386 0.613007 
36.747929 22.383149 36.864709 0.211146 
37.043910 22.485597 36.748024 0.043078 
37.231235 22.403349 36.435213 0.458998 
37.409473 22.364687 36.272069 0.108707 
37.408553 22.369705 35.967834 0.074148 
37.593275 22.333156 35.755974 0.000532 
37.943338 22.642138 35.604146 0.011552 
38.115427 22.846290 35.341378 0.013864 
38.176437 22.792623 35.079747 0.001918 
38.953798 22.892470 34.801514 0.064998 
39.198085 22.939287 34.290493 0.001723 
39.503938 23.195624 34.133060 0.034090 
39.749339 23.479095 33.697608 0.060332 
39.809559 23.568434 33.437684 0.010411 
39.931576 23.721628 33.092550 0.026245 
40.115238 23.810999 32.835200 0.035121 
40.236535 23.984114 32.632901 0.001209 
40.421173 24.189253 32.363372 0.138900 
40.542763 24.349041 31.887719 0.122355 
40.726751 24.566638 31.455287 0.348802 
40.786479 24.670166 31.290382 0.070470 
41.277398 25.124546 31.005333 0.380565 
41.399429 25.285001 30.793538 0.326887 
41.458971 25.387821 30.360713 0.079211 
41.642148 25.633042 30.203797 0.023161 
41.826315 25.857794 30.077846 0.078190 
41.827164 25.836653 29.939916 0.305520 
41.949341 25.997087 29.729909 0.261680 
42.316443 26.473001 29.229224 0.203845 
42.439689 26.612294 28.967354 0.452841 
42.683618 26.627707 28.671324 0.635067 
42.742018 26.597580 28.197467 0.156310 
43.169164 26.851803 27.784462 0.226373 
43.293083 26.975402 27.605810 0.753037 
43.600291 27.344659 27.271767 1.287462 
43.722960 27.499175 27.280456 1.337451 
43.905000 27.767656 27.085670 0.605129 
44.026152 27.951029 26.664711 0.245672 
44.025149 27.974208 26.536584 0.058580 
44.087366 28.027927 26.402906 0.276917 
44.273587 28.383337 25.973068 0.662794 
44.034067 28.641117 25.520507 0.816691 
44.093766 28.755952 25.139914 0.275141 
44.218501 28.869205 24.916897 1.012934 
44.289327 29.672687 24.751236 0.949821 
44.532534 29.870150 24.433099 0.473028 
44.654637 29.856811 24.209046 0.946839 
44.655372 29.838210 24.025882 1.387608 
44.716250 29.929739 23.685202 1.112304 
44.718105 30.078669 23.380788 1.042061 
44.728232 30.634982 22.808972 1.597026 
44.668483 30.708065 22.579405 1.440653 
44.609824 30.754749 22.210847 1.990044 
44.550482 30.819045 22.025107 2.057100 
44.861165 31.186896 21.867385 2.835579 
44.741919 31.332860 21.408061 2.429486 
44.385540 31.756733 20.940082 1.679102 
44.573344 31.959936 20.722728 2.624439 
44.517531 32.165918 20.449739 2.792671 
44.579347 32.251364 20.228788 2.594862 
44.404870 32.614473 20.088043 1.993215 
44.596917 32.958831 19.783781 3.113088 
44.539212 33.229580 19.475358 1.433837 
44.483594 33.453852 19.203608 1.158199 
44.307372 33.647173 18.921459 1.273584 
44.319225 34.080122 18.518358 1.317936 
44.206568 34.336911 18.087707 1.810166 
44.268761 34.432090 17.912166 1.438378 
44.209570 34.514812 17.727263 1.106381 
43.844288 34.494638 17.423793 0.809398 
43.727031 34.621820 17.228516 0.900874 
43.550426 34.843238 16.992184 0.548624 
43.492709 34.863617 16.599606 1.373740 
43.198883 35.211975 16.167352 1.029584 
43.140209 35.260087 15.549016 1.443669 
43.081169 35.331514 15.219217 1.360088 
42.958809 35.327959 15.071433 1.190713 
42.724405 35.582074 14.773324 1.395032 
42.489460 35.856144 14.387536 1.209323 
42.372020 35.979649 13.908538 1.416506 
42.127199 35.952370 13.699525 1.470010 
41.892027 36.225319 13.218664 1.311937 
41.774660 36.350459 12.927516 1.466812 
41.534209 36.484549 12.632605 1.189097 
41.235239 36.671274 12.282690 1.171891 
41.234793 36.667223 11.904844 1.288275 
41.116823 36.800508 11.380283 1.304785 
40.572447 36.929828 11.139141 1.930904 
40.220209 37.307526 10.640496 2.369903 
40.161362 37.369079 10.446869 2.496999 
39.919546 37.525571 10.157361 1.628747 
39.726181 37.236692 9.882458 2.975492 
39.613548 37.533269 9.460273 2.452267 
39.496405 37.621059 9.014114 3.736900 
39.194607 37.875610 8.682608 1.885388 
