50.423044 17.430522 53.601773 0.337371 
50.657445 18.013577 53.010487 0.545844 
51.045152 17.884117 52.430822 0.098828 
50.938587 18.138592 52.015637 0.200216 
51.496170 18.094257 51.525765 0.149436 
51.503305 18.354238 51.015249 0.798040 
51.556817 18.306819 50.839756 0.288561 
51.668185 18.334509 50.435426 0.085577 
51.893025 18.364248 49.888708 0.265198 
51.946998 18.314664 49.665954 0.064111 
51.838305 18.438300 48.887143 0.050257 
52.289424 18.803745 48.496644 0.033315 
52.462301 19.026589 47.994008 0.020270 
53.039652 19.641280 47.409475 0.466619 
53.325448 20.038137 47.056881 0.307280 
53.324926 20.050195 46.742256 0.093196 
53.493333 20.154478 46.385646 0.024722 
53.494545 20.146240 46.016572 0.135059 
53.723068 20.470545 45.619024 0.022053 
53.777531 20.415432 45.119693 0.008382 
54.060109 20.676249 44.859507 0.002546 
54.398085 20.859419 44.319943 0.035681 
54.907126 21.280459 43.743981 0.129824 
55.080554 21.499463 43.334758 0.469773 
55.368101 21.878770 42.977873 0.863670 
55.366889 21.898330 42.803008 0.337583 
55.539314 22.131742 42.445448 0.398551 
55.768961 22.438328 42.316586 0.578233 
55.768971 22.448051 41.955718 0.371901 
56.055034 22.858373 41.429307 0.107740 
56.170676 23.008692 41.113469 0.212349 
56.231123 23.058502 40.604692 0.932039 
56.230463 23.073471 40.391455 0.533598 
56.456420 23.244737 40.054214 0.660954 
56.743432 23.642304 39.638108 0.566544 
57.030139 24.036772 39.526195 0.532120 
57.086292 24.140534 39.333490 0.121137 
57.258232 24.389578 39.047070 0.026666 
57.593723 24.585646 38.681495 0.026507 
57.593578 24.607670 38.275192 0.017867 
57.595406 24.584817 38.016854 0.050392 
57.767544 24.841389 37.537756 0.001563 
57.946516 25.195825 37.173563 0.078225 
58.182542 25.638921 36.893715 0.199845 
58.208166 26.368096 36.458886 0.000084 
58.382715 26.578604 36.296494 0.128553 
58.343315 26.906010 35.921285 0.276128 
58.400236 27.158452 35.645199 0.027291 
58.574873 27.380130 35.405266 0.144300 
58.581022 27.517579 35.324599 0.163733 
58.580494 27.541550 35.087590 0.011027 
58.557512 28.105404 34.287838 0.690372 
58.629116 28.462429 33.840669 0.723496 
58.628868 28.481298 33.556321 0.395783 
58.686522 28.578319 33.360963 0.172421 
58.438130 29.128805 33.009784 0.739268 
58.846029 29.700480 32.550068 0.424670 
58.963531 29.842958 32.470877 0.710585 
58.809313 30.040187 32.182482 0.425872 
58.709855 30.459324 31.855415 0.334684 
58.653299 30.543289 31.403473 0.163075 
58.313158 30.930087 30.929700 0.341472 
58.375764 31.128166 30.553454 0.830189 
58.320071 31.184982 30.260058 1.076713 
58.320997 31.183478 29.926005 1.146597 
58.326786 31.634666 29.649038 0.853561 
58.270499 31.705769 29.360350 0.790093 
58.099414 31.938733 29.072526 0.290208 
57.988186 32.234323 28.787543 0.138417 
58.001399 32.753832 28.402394 1.157400 
57.775361 33.036378 27.941461 0.849761 
57.775859 33.048886 27.526499 0.659099 
57.493565 33.375375 27.347416 0.780429 
57.793242 33.738603 26.909109 1.542708 
57.622588 33.765514 26.680100 2.343949 
57.331043 33.676413 26.332529 1.926934 
57.516432 34.210646 26.107592 1.787138 
57.405859 34.320145 25.597210 2.542026 
57.186582 34.921526 25.150206 1.356278 
57.018483 35.123307 24.768716 1.337382 
56.793248 35.414511 24.437941 0.844025 
56.569302 35.664395 24.211538 1.169003 
56.285002 35.838929 23.976441 1.452707 
56.225552 35.752817 23.666966 1.659314 
56.063307 36.055026 23.303780 2.919696 
55.951259 36.203402 22.777631 2.488171 
55.727148 36.463795 22.503857 2.662778 
55.730226 36.670616 22.120286 1.145620 
55.617460 36.828306 21.985923 0.707312 
55.393129 37.106116 21.708809 0.540109 
54.944249 37.711063 20.951378 0.007173 
54.833279 37.804098 20.679646 0.212673 
54.609502 38.092035 20.185255 0.078483 
54.497776 38.222097 20.004282 0.096729 
54.218247 38.536560 19.855723 0.213216 
54.218505 38.537034 19.681320 0.220100 
53.751313 38.399171 18.889412 1.626160 
53.638670 38.565491 18.614662 0.974167 
53.588425 38.780117 18.386119 0.938365 
53.528232 38.674871 17.727007 1.514082 
53.286027 38.567218 17.450214 0.484837 
53.060964 38.885977 17.180170 0.058902 
52.887219 38.935038 16.889759 0.086461 
52.657645 39.026217 16.495805 0.306244 
52.130033 38.989310 15.791054 1.034686 
51.893107 38.991509 15.365321 0.643487 
51.425574 39.047469 15.178427 1.244761 
51.188039 39.040401 14.887488 0.942845 
50.781289 39.214884 14.534852 0.928558 
50.662916 39.177846 14.331762 1.371683 
50.662846 39.203961 13.738601 0.975019 
50.136611 39.343022 13.367257 1.348111 
50.067355 39.164162 12.907744 0.674075 
49.841335 39.417574 12.612752 0.840562 
49.615501 39.668459 12.131219 1.083716 
48.936321 39.077757 11.777377 1.322127 
48.937139 39.039131 11.439919 2.165275 
48.633756 38.987822 10.916763 1.146545 
48.154009 38.933077 10.593343 1.218025 
