49.011519 27.957279 53.878497 0.434058 
48.714307 27.855263 53.689504 0.455606 
48.536754 27.909257 53.411143 0.500764 
48.359048 27.963061 53.224364 0.533627 
48.000574 27.939991 52.908444 0.093652 
47.644721 28.199334 52.588016 0.006163 
47.467083 28.248034 52.303744 0.087198 
47.345249 28.107093 51.991468 0.018595 
47.106222 28.086246 51.758819 0.041650 
46.865801 27.921981 51.525431 0.078108 
46.564845 27.680641 51.105923 0.115310 
46.208737 27.919971 50.627847 0.008591 
45.848429 27.890272 50.347560 0.003949 
45.609089 27.856922 50.011196 0.061321 
45.306093 27.464998 49.861506 0.110634 
44.945113 27.122252 49.467173 0.822941 
44.583548 27.239259 49.141979 0.452034 
44.342971 27.361777 48.814712 0.387678 
44.283163 27.427352 48.720789 0.405584 
44.100383 27.194367 48.437394 0.425253 
43.917284 27.119086 48.164066 0.093940 
43.613429 26.874281 47.784059 0.108965 
43.493210 27.005539 47.502990 0.135788 
43.130046 26.810825 47.018256 0.602567 
42.827081 26.399150 46.715082 1.782009 
42.582478 26.239070 46.247469 1.407812 
42.461299 26.222576 46.008966 1.697116 
42.033726 25.973249 45.627604 1.295445 
41.972287 25.895171 45.253140 1.369648 
41.788497 25.960835 44.928690 0.864634 
41.542848 25.806343 44.601123 0.451863 
41.358645 25.573446 44.034852 0.504709 
41.297638 25.196375 43.791254 0.966106 
41.236399 25.118752 43.695601 0.972200 
41.236112 25.118341 43.415787 1.027114 
41.234935 25.127075 43.047224 0.746831 
40.991406 24.797300 42.468173 1.601016 
40.990158 24.663445 42.192011 1.196563 
40.807479 24.420995 41.993063 1.634003 
40.744256 24.362457 41.625676 0.874547 
40.683417 23.993565 41.199053 1.071577 
40.500693 23.612768 40.861004 1.265648 
40.438859 23.402071 40.487864 0.907925 
40.500582 23.193253 40.208748 0.918172 
40.501374 22.774021 39.747724 0.610674 
40.381116 22.596712 39.457444 1.376647 
40.320201 22.384630 39.195153 1.052465 
40.319245 22.259627 38.761395 0.537641 
40.380877 22.191415 38.491296 0.619448 
40.319216 22.117698 38.021616 0.555689 
40.380068 21.929821 37.435868 0.184565 
40.382421 21.764981 37.170024 0.609897 
40.378156 21.476923 36.786061 0.474052 
40.317440 21.393430 36.401455 0.633700 
40.385595 21.208760 36.113539 0.298504 
40.331974 21.121651 35.889485 0.668478 
40.454916 21.007674 35.768741 0.304675 
40.291787 20.787119 35.334329 0.535001 
40.161799 20.008489 34.761670 1.251469 
40.161420 19.894431 34.469086 0.485260 
40.409341 19.654952 34.064067 0.130263 
40.362828 19.449707 33.544213 0.141355 
40.550125 19.252622 33.214542 0.141520 
40.672876 19.157562 32.891830 0.014049 
40.682730 18.984865 32.280908 0.169816 
40.808947 18.834699 32.070688 0.437666 
40.935251 18.683274 31.771252 0.858443 
41.005100 18.501289 31.480958 0.444343 
41.067998 18.428858 31.270693 0.571026 
41.318564 18.166005 30.943416 0.548621 
41.382817 18.072722 30.596736 1.205901 
41.570870 17.875310 30.351676 1.179799 
41.821359 17.619111 30.152612 0.956286 
41.944637 17.512830 29.569344 0.441001 
42.006648 17.453440 29.187910 0.348788 
42.185900 17.383313 28.814413 0.481101 
42.184942 17.387734 28.179442 0.433632 
42.248231 17.306963 27.667446 0.710323 
42.371983 17.203848 27.510910 0.249630 
42.685219 16.889650 27.183243 0.092952 
42.802312 16.870238 26.721637 0.342598 
42.863714 16.826032 26.518143 0.114392 
43.042881 16.754900 26.142551 0.198093 
43.348546 16.538906 25.687255 0.468173 
43.648438 16.494540 25.327555 0.377490 
43.773919 16.361960 24.903319 0.384643 
44.023864 16.121941 24.626410 0.119179 
44.255112 16.127887 24.219764 0.137140 
44.308291 16.188210 23.917777 0.233308 
44.434361 16.048536 23.712898 0.310376 
44.498066 15.965530 23.292147 0.545139 
44.856411 15.814588 22.842709 1.003639 
45.138785 15.906006 22.439141 0.742432 
45.379125 15.785758 22.245361 0.589097 
45.558859 15.695953 21.784993 1.085542 
45.983810 15.755111 21.283734 2.455365 
46.515977 16.093014 20.783728 0.780595 
46.514702 16.112691 20.515686 0.486409 
46.689321 16.345155 20.175313 0.519465 
46.689785 16.337407 19.954441 0.638153 
46.810601 16.346306 19.677916 0.682910 
46.870179 16.328168 19.362089 0.139929 
47.527189 16.673995 18.889275 1.249143 
47.953308 16.518264 18.642649 0.837152 
48.015000 16.461575 18.414778 0.680645 
48.198203 16.395505 18.099771 0.855691 
48.505722 16.364657 17.845787 0.556523 
48.787551 16.370690 17.638494 0.228103 
48.903427 16.522813 17.368815 0.272664 
49.184459 16.539514 17.116768 0.027359 
49.471251 16.795415 16.536810 0.024163 
49.530317 16.850270 16.352463 0.132708 
49.698497 17.007073 16.096591 0.022774 
49.811650 17.034435 15.781052 0.048139 
49.869707 17.109875 15.413478 0.032883 
49.988457 17.385994 14.911453 0.000002 
50.331586 17.562160 14.520219 0.022760 
50.388462 17.659980 14.342599 0.000025 
50.503183 17.834563 14.170631 0.021291 
50.964304 18.298492 13.606629 0.005981 
50.963544 18.319729 13.330577 0.007408 
51.313833 18.720825 12.937054 0.238947 
51.313655 18.730385 12.612847 0.176710 
51.544332 19.058118 12.360037 0.101520 
51.435798 19.354614 11.895055 0.001721 
51.554182 19.460374 11.713335 0.202512 
51.671296 19.599255 11.304257 0.362898 
51.672932 19.768804 11.171754 0.135621 
51.730708 19.855747 10.946733 0.096122 
52.020495 20.268923 10.097845 0.033167 
52.134941 20.468479 9.838363 0.016465 
52.200493 20.813732 9.569046 0.001011 
52.266247 21.169638 9.069043 0.000051 
