0.001098
0.001182
0.001139
0.001271
0.001458
0.00132
0.001462
0.0014
0.001486
0.00184
0.001579
0.001556
0.00194
0.001818
0.002058
0.001745
0.002138
0.002042
0.00246
0.002526
0.002503
0.002794
0.003164
0.003085
0.003047
0.003421
0.003755
0.003739
0.004147
0.00428
0.0047
0.005336
0.005494
0.005187
0.005407
0.005359
0.005144
0.005241
0.00493
0.004664
0.004494
0.004604
0.004521
0.00452
0.004448
0.004374
0.004415
0.00423
0.004134
0.00427
0.004143
0.004022
0.003932
0.003897
0.003614
0.003656
0.003738
0.003965
0.004124
0.004069
0.004019
0.004175
0.004413
0.004266
0.004031
0.004147
0.004107
0.004314
0.004426
0.004685
0.004741
0.005149
0.005682
0.00584
0.006351
0.006778
0.007251
0.007788
0.008095
0.008287
0.00901
0.009363
0.009564
0.009798
0.009933
0.010728
0.011342
0.011735
0.011391
0.011425
0.011124
0.010569
0.010425
0.010172
0.010047
0.010162
0.010178
0.009825
0.009835
0.009786
0.009492
0.009978
0.010413
0.010642
0.01117
0.011486
0.011431
0.01186
0.011809
0.011656
0.011659
0.011536
0.011038
0.010557
0.010602
0.010187
0.010235
0.01003
0.009684
0.009554
0.009415
0.009546
0.009482
0.009593
0.00928
0.009111
0.008854
0.00886
0.008441
0.00769
0.007546
0.007046