0
0
0
0
0
0
0
0
0
0
0
0
0
0
0
0
0
0
0
0
0
0
0
0
0
0
0
0
0
0
0
0
0
0
0
1.60441818261e-07
0
0
0
0
0
0
0
0
0
0
0
0
4.43080328115e-08
0
0
0
0
9.43119044321e-08
0
0
5.07707005029e-08
0
3.93675028036e-08
0
0
0
4.27278538649e-08
4.25192846215e-08
0
6.24911575012e-08
1.68586297963e-07
2.87204326377e-08
5.6842761468e-08
0
0
0
1.12053509136e-07
0
0
2.77165619013e-08
5.47281195952e-08
0
0
0
0
2.14267461759e-08
2.0469965014e-08
3.48209150053e-07
1.54055292794e-07
0
6.2251298282e-08
9.21337019222e-08
7.33538614114e-08
9.43736986693e-08
0
1.14265562738e-07
3.76056813661e-08
3.67276172902e-08
2.24210473367e-08
1.02428715964e-07
4.40200088989e-08
2.10368482319e-07
1.99096704226e-08
8.01863215783e-08
1.07515952583e-07
1.03265754873e-07
1.78358931673e-07
1.54767890553e-07
1.58476340319e-07
3.61472546447e-07
1.32176595366e-07
1.87961386466e-07
6.84944730739e-07
4.41262534087e-07
3.7710009457e-07
3.6660587473e-07
3.61207003544e-07
6.59330120008e-07
7.7278627318e-07
5.15639278247e-07
4.24311418497e-07
8.25127645184e-07
1.26985756779e-06
7.33383091848e-07
5.31302400391e-07
7.4056445383e-07
1.20379444094e-06
5.60520877544e-07
5.31889675371e-07
5.22740410948e-07
1.15809752405e-06
7.13326627676e-07
4.94119447398e-07
6.96431281725e-07
4.58316897163e-07
4.35408719882e-07
6.4586139018e-07
1.0704587696e-06
6.54685510311e-07
6.20522046971e-07
3.70999000863e-07
6.7138427225e-07
5.86046884498e-07
7.1884484694e-07
8.96046824205e-07
4.56227294486e-07
5.92464733339e-07
9.91801937671e-07
4.18607679652e-07
7.59608267975e-07
7.95371031496e-07
7.18122972636e-07
5.28697891762e-07
4.5800863118e-07
5.95615079558e-07
7.16065242235e-07
6.11768694483e-07
6.6719201811e-07
6.94531734038e-07
5.46794081705e-07
5.68353289108e-07
6.56941659934e-07
6.90887917637e-07
8.30732896817e-07
7.25184685702e-07
6.73916254937e-07
4.34816485282e-07
5.36722957042e-07
6.5699196201e-07
4.25661365483e-07
4.96299530403e-07
3.80860233613e-07
4.78124667649e-07
5.67696295143e-07
4.77285930737e-07
5.99980813704e-07
5.18624793315e-07
5.52437715619e-07
5.60142053196e-07
6.80212891599e-07
5.20307046469e-07
5.30930067536e-07
6.34022560512e-07
6.63758054482e-07
6.82205026274e-07
8.98379631396e-07
9.12464810583e-07
9.75893125438e-07
1.08983155019e-06
1.16927004227e-06
1.19323552543e-06
1.30014727747e-06
1.33986020153e-06
1.4215267815e-06
1.22493970644e-06
1.54450313805e-06
1.63668714414e-06
1.7304966601e-06
1.5705681082e-06
1.73232489068e-06
1.80406092003e-06
1.58285944733e-06
1.56118217636e-06
1.57401602473e-06
1.76364698656e-06
1.85208885023e-06
1.92499658641e-06
1.83665830797e-06
1.77389099012e-06
2.06035374485e-06
1.87004080315e-06
1.59920365765e-06
1.25115307093e-06
1.53079517039e-06
