1.08373863081e-08
8.23430117717e-09
1.01484228148e-08
0
9.04536886566e-09
0
6.57631186817e-09
4.14605308303e-08
1.8309912778e-08
0
8.93324044252e-09
5.60459865839e-09
5.01063986828e-09
0
1.1919669509e-08
0
1.13978875987e-08
0
1.12886264554e-08
0
0
0
0
3.99815665787e-09
0
0
0
4.2019231303e-09
1.93027328628e-08
1.60832474679e-08
0
3.88336737907e-09
0
0
3.778900978e-09
1.38980325396e-08
7.35050607812e-09
3.16226986036e-09
0
5.4893912368e-09
2.66964434526e-09
2.77344416e-08
1.30931441858e-08
9.05332481649e-09
1.36562860721e-08
1.53638089267e-08
1.11324442759e-08
2.69378727154e-09
8.01538151713e-09
0
1.0215615323e-08
5.2009150542e-09
3.22873302284e-08
2.23566898984e-08
8.00247871977e-09
6.31578220499e-08
2.45884307927e-08
2.68774986639e-08
6.98255944017e-09
3.45799399205e-08
2.87766151556e-08
1.61301262882e-08
7.62997391609e-09
2.23104500745e-08
3.71278217314e-08
8.31171828665e-08
2.3991352672e-08
4.39812571974e-08
2.30323255142e-08
1.91694485694e-07
5.9401578989e-08
2.46483950146e-08
2.01665179412e-08
2.85651427333e-08
5.51204427641e-08
5.96375960825e-08
3.82605938228e-09
9.30314777196e-09
1.90688231067e-08
4.48581505802e-08
2.39858198047e-08
4.18778456175e-08
2.03536502017e-08
3.24024052361e-08
2.77489626961e-08
9.88932793769e-09
1.86457022781e-08
1.39361860369e-08
2.63342263107e-08
1.73636062628e-08
1.10308686991e-08
6.13464385031e-09
1.61232942832e-08
1.42390145027e-08
1.48075063624e-08
3.6632874177e-08
3.54146759397e-08
6.74945940006e-08
1.730378152e-08
4.53000416946e-08
4.03198764496e-08
4.72165633801e-08
2.79636204553e-08
3.02690436166e-08
4.4483394031e-08
7.25496069439e-08
2.93467263184e-08
2.61944262593e-08
6.25199300312e-08
1.10527418334e-07
1.95752602926e-07
9.64096270578e-08
9.14203145869e-08
1.11914899314e-07
1.28653757419e-07
8.92876043684e-08
1.34674310946e-07
1.32937697452e-07
2.24740073679e-07
1.18621273375e-07
2.62452960492e-07
1.09730518307e-07
1.56426172431e-07
1.60980591118e-07
1.20751045712e-07
1.66261862805e-07
3.27538695456e-07
1.50408077127e-07
2.2231083587e-07
2.56335684224e-07
1.69896888304e-07
2.33660637365e-07
3.07725025782e-07
2.27549942775e-07
2.06480049053e-07
2.13817086602e-07
1.53303013507e-07
1.86745811866e-07
2.3480549363e-07
1.56427286206e-07
1.76909348693e-07
1.33550598303e-07
1.91954977673e-07
3.67985755723e-07
1.12901389177e-07
2.01016850439e-07
2.05016983838e-07
2.13315922962e-07
1.72304147336e-07
1.22027754163e-07
2.33572210414e-07
2.4987904841e-07
1.97201963203e-07
2.43656867427e-07
3.25383629172e-07
2.57852349469e-07
1.25798890063e-07
1.74910415007e-07
2.73522911209e-07
2.06408456809e-07
1.69612653101e-07
1.88179857335e-07
1.23362919985e-07
2.135909606e-07
2.6400488699e-07
1.15900048071e-07
1.65050727516e-07
1.54753247731e-07
2.23324137653e-07
1.96017690347e-07
1.27869618151e-07
2.10611926307e-07
1.53556650901e-07
1.67804969346e-07
2.03436172397e-07
1.69162675847e-07
1.67440824208e-07
1.47847146253e-07
2.01925113887e-07
1.95651680756e-07
2.059755672e-07
1.93579828317e-07
1.87649945901e-07
2.4373195091e-07
2.79876246766e-07
2.23830036715e-07
2.88202895667e-07
2.64140260169e-07
2.63400879346e-07
3.43932692874e-07
2.6417551338e-07
2.51790329962e-07
4.64339824221e-07
3.20303344671e-07
3.79220809152e-07
2.91173263592e-07
4.71527910991e-07
3.96676436395e-07
3.77552466846e-07
3.76495017352e-07
3.40892908942e-07
4.1905326501e-07
3.57468193411e-07
4.48611167198e-07
4.42984365913e-07
4.70771638169e-07
4.92773544013e-07
5.38297955528e-07
5.55623032222e-07
6.48948837517e-07
