0
0
0
3.58131286704e-08
0
0
0
0
0
0
0
0
0
2.26843014426e-08
0
0
0
2.01350064262e-08
0
4.99507427401e-08
7.22450993019e-08
0
0
4.4308818597e-08
5.59690126442e-08
0
5.717977175e-08
1.93752534768e-08
9.92930257135e-09
2.05688989965e-08
1.40279792254e-08
5.19814586088e-09
4.80602258454e-09
5.31562481829e-09
1.24395528695e-08
4.68986935131e-09
1.21657152908e-08
1.11799436015e-08
3.0108467017e-08
9.16802396587e-09
4.65263341238e-09
8.94352260278e-09
2.46497765904e-08
2.13394158977e-08
7.32797863279e-09
6.4866448027e-09
3.20916371822e-09
3.41930672906e-09
1.33400042693e-08
1.0521596761e-08
5.76543970989e-09
0
7.40690936642e-08
3.03665694829e-08
4.02778769117e-09
6.55961851743e-09
0
2.34502721724e-09
2.88779613656e-09
1.80758544828e-08
4.39476374008e-09
0
2.53168307699e-08
9.15243910855e-09
3.77084133126e-08
1.66980139596e-08
1.33223696981e-08
3.79978433593e-08
7.84758083214e-09
5.30801665589e-09
2.19601640812e-08
1.60654001448e-08
6.03314022022e-08
1.01238138127e-08
9.5725766967e-09
2.16492043984e-08
2.47255702774e-08
1.46765281455e-08
5.29661402693e-09
9.26333205903e-09
1.60899205418e-08
1.71952169124e-09
2.28128145602e-08
4.23706982497e-08
2.96528659668e-08
2.46201403275e-08
2.6357691831e-08
3.7598484766e-08
2.16805311573e-08
1.88860494343e-08
1.15620204837e-08
2.83151723022e-08
3.24429630745e-08
3.59420587655e-08
2.2298359519e-08
2.80207679097e-08
4.45237195487e-08
7.83203359956e-08
7.97720951439e-08
5.76522827006e-08
6.95711666481e-08
8.46118036581e-08
8.59567042975e-08
1.03251307339e-07
1.20747573955e-07
1.57266672997e-07
8.85349418885e-08
1.88950138566e-07
4.13860208343e-07
1.55277996915e-07
2.04665175963e-07
3.41818531254e-07
3.36637661002e-07
4.04619980746e-07
3.54071671678e-07
2.94414649574e-07
3.44782543469e-07
5.32800343702e-07
3.65054834694e-07
5.36851556487e-07
4.23339925321e-07
4.19877498053e-07
3.94811353289e-07
3.54485354046e-07
5.40598762478e-07
4.27158313726e-07
5.23627803605e-07
4.51536495297e-07
5.27570868655e-07
3.78216589861e-07
3.64894698989e-07
3.92814867465e-07
4.91158493259e-07
4.35006224469e-07
4.67117622682e-07
4.70837988717e-07
3.96288595786e-07
4.09156635482e-07
4.09180947037e-07
5.05113940588e-07
3.98346730198e-07
3.90881450402e-07
4.8186826307e-07
6.07556353488e-07
6.52838766809e-07
6.17124432371e-07
5.10148100904e-07
4.5376641552e-07
8.47146963919e-07
4.76027731872e-07
3.75098261243e-07
4.32344871303e-07
3.61282782663e-07
4.05393316878e-07
4.63345598477e-07
4.42834816591e-07
2.96522003357e-07
4.16904562255e-07
4.39367651471e-07
3.26496678698e-07
3.04785103437e-07
2.97479037009e-07
2.35376996051e-07
2.91524131725e-07
2.46083761726e-07
2.2311966525e-07
2.37404258075e-07
2.66997292348e-07
2.70853690342e-07
2.38559586975e-07
2.38229753463e-07
2.62083419697e-07
2.47025339091e-07
2.92377410906e-07
2.49347518294e-07
2.28993119963e-07
3.97226295614e-07
2.89947653434e-07
3.42358182653e-07
6.94193344432e-07
3.17894481982e-07
4.39424775556e-07
6.59668069439e-07
3.93651025598e-07
8.03486571276e-07
4.63699709298e-07
4.59404368325e-07
5.03810471123e-07
5.25059581971e-07
5.51936278406e-07
6.37369665756e-07
6.73667285673e-07
6.84283708932e-07
8.93487991076e-07
8.62694898847e-07
6.79099489231e-07
7.45996290284e-07
6.19421250907e-07
6.70322523147e-07
7.14432659414e-07
7.64956604563e-07
7.71804955234e-07
7.67733031006e-07
7.78185178676e-07
8.27952775431e-07
9.08974171421e-07
8.94130209052e-07
8.84833466955e-07
6.36410238305e-07
5.36101460527e-07
