1.03046973283e-07
4.3011935131e-08
1.83581742045e-07
1.4325657288e-08
1.01827892126e-07
8.62714871217e-09
1.63502082163e-07
1.14587377772e-07
4.55031816735e-07
4.83304231552e-07
9.7896020362e-08
1.54235977253e-07
1.64969566689e-07
3.41699188054e-07
1.42526989267e-07
2.11765160392e-07
3.83577042204e-07
1.53235165166e-07
1.50297179881e-07
1.5276314989e-07
1.44778736892e-07
9.94998492543e-08
2.4247239001e-07
1.08006444338e-07
2.09551288497e-07
1.1752680416e-07
1.35424114441e-07
1.81359673902e-07
1.37775114017e-07
2.84561781009e-07
2.76734088615e-07
1.34132210333e-07
3.36844228426e-07
3.48787987402e-07
2.7352652065e-07
4.10849381795e-07
3.04392052046e-07
6.62555551585e-07
8.27728490862e-07
3.93915777239e-07
4.13563696496e-07
4.72341135247e-07
3.89198749489e-07
3.76996689627e-07
3.48650441896e-07
5.20447292125e-07
6.23760676888e-07
3.64538034141e-07
6.01542910514e-07
6.83518166031e-07
6.89301903066e-07
4.89901996721e-07
8.49852490086e-07
8.09445263382e-07
7.00763802784e-07
5.79308498726e-07
5.8225027685e-07
5.02504640506e-07
3.41235124674e-07
4.70895382716e-07
5.6417654543e-07
4.29090819144e-07
1.11477463978e-06
7.51296975479e-07
6.27594402695e-07
6.35135536381e-07
7.03884260287e-07
1.00159363645e-06
7.71031739398e-07
5.14914295031e-07
5.63694425954e-07
1.74387048356e-06
9.74182347108e-07
1.07301031948e-06
7.65487270622e-07
7.34769068758e-07
5.85326456248e-07
1.02850484521e-06
1.01636088127e-06
9.48643819386e-07
9.85855285004e-07
1.00197081338e-06
9.43467499817e-07
1.11814779773e-06
1.06666077549e-06
1.18144632708e-06
9.76624032152e-07
1.23738419598e-06
1.12126607997e-06
1.71075723376e-06
1.3729814239e-06
1.31532232369e-06
1.0114426254e-06
1.08861454408e-06
1.16074361685e-06
1.60550688371e-06
1.21198250176e-06
1.71019202152e-06
1.34499066804e-06
1.43824639019e-06
1.91543718443e-06
1.84215337357e-06
2.45303676282e-06
1.97835838014e-06
1.69942915779e-06
2.38557039949e-06
2.4180946069e-06
2.20275549218e-06
3.75974775466e-06
3.36797267664e-06
2.06741620127e-06
2.68728095875e-06
1.83789633014e-06
2.03372107417e-06
2.20521481513e-06
1.99307554376e-06
2.27555527419e-06
2.44178516097e-06
2.05367686412e-06
2.23279132286e-06
1.62306483829e-06
1.93711786562e-06
1.56357217034e-06
1.86804318053e-06
1.81327392282e-06
1.55839484707e-06
1.40780107856e-06
1.54222784303e-06
1.83323277065e-06
1.48276038759e-06
1.39469235876e-06
1.40604719002e-06
1.19919764934e-06
1.42541286543e-06
1.21603243519e-06
1.12665442894e-06
1.26499055612e-06
1.20894938864e-06
1.3279940742e-06
1.0718135404e-06
1.10393392525e-06
1.12294320566e-06
9.25263754207e-07
7.90889768331e-07
1.49361411213e-06
1.08296089779e-06
1.01191262404e-06
1.25770100835e-06
1.13478302301e-06
1.17085862735e-06
1.19749561422e-06
7.51794847299e-07
1.19159376288e-06
8.43376698519e-07
1.02244822978e-06
9.92592424535e-07
1.18174811687e-06
1.0013292792e-06
1.04963886181e-06
9.07316513413e-07
1.12835633718e-06
8.8931482258e-07
1.00035688726e-06
9.41960330914e-07
9.79590651132e-07
8.37205211897e-07
9.51669055124e-07
9.79302557658e-07
8.81671478799e-07
9.55585904164e-07
8.92471454063e-07
9.02977527925e-07
7.81039227201e-07
8.48963056718e-07
8.44881028829e-07
7.78804072163e-07
9.91194883001e-07
8.48609928804e-07
9.06750301222e-07
7.07933778993e-07
6.93060195743e-07
8.29421896189e-07
7.69602394356e-07
7.32159165179e-07
9.06911646348e-07
7.6984407366e-07
7.91199748175e-07
8.35206833204e-07
7.1446327562e-07
7.93418725553e-07
7.94561324554e-07
8.02813377029e-07
8.47935731557e-07
7.96306418272e-07
8.8170069256e-07
8.24089037482e-07
7.6593187348e-07
8.33243828722e-07
1.23454058113e-06
9.40196617013e-07
8.31110457394e-07
7.50808135482e-07
6.34787542941e-07
6.25653281774e-07
8.16623355686e-07
8.9421493146e-07
8.33501517245e-07
8.67993842265e-07
8.08071028136e-07
7.98145797726e-07
