0
0
0
0
0
8.3892314818e-08
0
0
6.38335018006e-08
0
8.59606711018e-08
0
2.33275951337e-07
0
1.17704193824e-07
0
4.99355880849e-08
0
1.33255452924e-07
0
0
0
2.5350192631e-08
0
0
0
2.16392472759e-07
3.10277940057e-07
4.00237132496e-08
0
3.15991159199e-08
1.91506084665e-07
4.6866295684e-08
2.85550820108e-08
2.29870327275e-07
4.02330297081e-07
2.06385301781e-07
2.41688939712e-08
2.95864772047e-08
1.47369600009e-07
1.48584685236e-07
1.48498825374e-07
1.40410926266e-07
1.1577124746e-07
1.6767662362e-07
3.49397170181e-07
1.46114577606e-07
4.690340378e-07
2.53516660889e-07
6.09984177446e-07
3.45754441377e-07
2.86356054632e-07
2.89611111828e-07
3.08232347502e-07
9.78296523697e-07
3.1638867909e-07
2.22554054682e-07
5.16221417532e-07
2.76226261806e-07
1.77958366886e-07
3.18297034474e-07
1.62806050955e-07
1.71665624489e-07
3.05058812582e-07
3.37103940308e-07
2.56694161672e-07
1.9655663303e-07
1.53899389505e-07
3.70062079533e-07
1.54143852263e-07
2.35595805005e-07
1.79504256632e-07
2.59929292119e-07
6.2968886003e-08
3.53810267687e-08
1.43938415713e-07
1.68158942756e-07
3.82233946843e-07
3.34512008358e-07
2.46882327242e-07
2.87731678903e-07
1.53630591743e-07
1.53993498816e-07
1.66163914422e-07
1.89546455228e-07
2.64796971732e-07
1.82789286699e-07
1.69342869651e-07
1.31946550458e-07
5.19772784792e-08
7.54984160055e-08
9.05910717752e-08
1.31704048885e-07
5.53738764306e-08
4.28315044081e-08
5.21697624042e-08
6.09586045356e-08
1.15945927457e-07
5.70839232927e-08
6.89328583849e-08
1.3440681082e-07
5.75888963079e-08
4.76384692072e-08
3.52556935036e-08
4.22796465455e-08
1.38012440883e-08
1.06637833692e-07
7.36371683902e-08
1.32878664421e-07
1.03654189377e-07
1.536053435e-07
7.98934023167e-08
1.08883200528e-07
8.6057113404e-08
3.63776040408e-08
5.91797106229e-08
2.69916901628e-08
1.10478237405e-07
0
5.34229521163e-08
1.23671537212e-07
2.00488835889e-08
4.27128790404e-08
1.57996901381e-08
1.07355681416e-07
0
8.94014892142e-09
0
9.04983845586e-09
4.07831084391e-08
6.54210402472e-08
2.95564889232e-08
7.64036712484e-09
1.15951081908e-07
1.49890799681e-08
0
2.44961475195e-08
1.44878860084e-08
2.08935307876e-08
6.22943899685e-09
7.14997841922e-09
1.85803491032e-08
2.85923034037e-08
0
0
0
5.76066532459e-08
0
3.08274664619e-08
2.94339187075e-08
1.31962597049e-07
1.88151658566e-08
1.21671497481e-08
9.45997487469e-09
1.38306598898e-08
1.93510381658e-08
3.08398581111e-08
2.04688173002e-08
1.96381820106e-08
4.99730953778e-08
3.84189323203e-08
8.42295329907e-09
1.60738478434e-08
5.42983072112e-09
1.70225944102e-08
2.40610226224e-08
2.57586648027e-08
3.04389721362e-08
8.60335280531e-09
1.88738690403e-08
3.67091118219e-08
1.62309743832e-08
5.04423217839e-09
2.7707246812e-08
3.68852888639e-08
1.9679191251e-08
4.51243884565e-08
2.00684261587e-08
1.85236775342e-08
1.66578686943e-08
1.00948581262e-08
4.10288985098e-08
2.79798216242e-08
4.22755077401e-08
5.62173037526e-08
6.44875212386e-08
1.04245180331e-07
1.00354031988e-07
9.98447513961e-08
5.34221956949e-08
5.30418594049e-08
4.96970959741e-08
3.73354258273e-08
6.92938174462e-08
1.05345439483e-07
1.08186324204e-07
6.88757858932e-08
1.05215362075e-07
1.37274356401e-07
1.34527654644e-07
9.92753304596e-08
1.30469744586e-07
1.68142467736e-07
2.67676114289e-07
1.42323301329e-07
2.27865041841e-07
1.49800954812e-07
2.33110416109e-07
1.66581548888e-07
2.87478707563e-07
